168 140 97 89 50 120 188 133 50 89 140 44 155 12 72 66 60 122 69 82 244 146 220 104 236 65 181 249 162 166 43 140 243 161 5 147 85 152 96 190 25 77 201 70 92 110 18 72 85 242 179 208 237 83 137 162 255 149 192 94 190 58 159 111 68 202 1 171 209 247 164 36 253 170 60 151 61 254 172 128 111 207 189 234 195 169 207 86 140 8 192 19 125 184 126 107 190 37 85 113
151 120 115 72 52 117 191 142 51 61 139 50 155 6 73 68 91 209 62 70 247 148 218 109 237 194 168 238 152 166 40 139 241 158 16 147 91 149 103 184 26 84 191 109 98 102 19 116 84 242 179 208 229 78 121 149 255 157 211 108 159 31 157 113 57 214 2 135 209 251 165 47 254 170 23 151 64 254 171 127 103 215 121 188 193 131 210 100 140 15 193 73 125 231 129 120 191 31 85 104
120 107 174 65 73 115 186 153 52 81 137 55 155 10 73 125 136 223 22 56 248 149 217 137 248 239 183 207 153 169 41 135 239 154 4 147 107 147 108 177 30 98 202 133 93 95 20 97 105 249 180 209 214 103 117 169 255 160 193 104 68 111 163 110 69 219 2 105 210 254 165 42 254 170 17 151 61 254 211 124 81 223 37 118 192 105 211 134 140 21 193 177 122 218 132 135 192 31 85 64
126 81 174 86 59 147 187 167 60 66 153 44 157 30 78 170 142 219 1 102 236 151 215 118 249 183 173 166 163 165 54 137 245 156 9 135 117 146 90 51 26 102 192 142 90 86 17 94 101 240 185 212 125 141 116 164 254 170 190 67 30 243 156 109 71 233 4 169 210 254 166 53 254 171 16 147 50 245 215 113 120 244 20 81 188 114 213 129 139 17 191 199 124 220 142 135 184 28 90 12
133 60 189 101 58 180 138 159 61 80 167 47 157 24 77 161 146 215 1 73 237 152 213 186 199 119 172 136 145 166 126 138 249 134 10 136 103 144 81 22 33 90 107 153 88 89 19 122 85 241 186 211 77 140 126 181 248 169 194 72 102 254 149 112 99 215 0 222 210 254 164 98 255 171 39 147 53 241 214 108 166 211 20 46 184 107 212 130 139 16 191 166 151 178 154 135 172 29 80 9
194 38 238 106 37 190 69 160 56 116 160 45 157 34 76 142 114 215 1 54 251 154 211 216 174 164 171 85 145 168 162 141 253 146 38 134 100 141 79 92 65 78 51 161 100 99 22 141 81 244 189 213 61 129 122 163 207 164 202 78 140 253 144 115 139 211 4 221 211 250 161 42 242 171 53 145 72 253 219 116 185 153 22 51 195 99 210 112 140 13 192 88 161 85 166 136 173 29 61 25
152 30 232 112 21 190 132 157 71 159 126 49 156 64 76 118 75 213 2 80 251 155 208 155 195 231 172 47 128 168 134 140 253 142 102 131 109 138 89 138 45 78 54 157 147 113 22 119 93 249 193 216 70 93 103 148 124 153 175 62 170 253 146 110 184 213 11 209 211 233 161 37 205 172 32 144 94 254 208 128 146 132 23 88 196 75 209 91 140 11 192 29 144 35 175 141 197 30 44 36
61 33 222 87 21 174 151 149 83 181 130 54 156 74 76 101 68 208 8 97 237 152 206 69 204 216 174 44 119 167 118 133 254 166 100 133 102 137 93 127 66 85 60 148 167 121 19 80 105 230 196 216 93 86 100 154 64 131 185 70 182 221 148 99 186 209 29 211 211 209 163 32 142 172 23 144 91 254 155 122 82 168 25 103 210 42 209 84 140 9 193 29 123 24 182 145 222 31 34 21
56 38 241 131 31 161 154 188 81 177 147 42 156 74 76 92 78 208 1 77 242 143 204 28 181 219 175 61 131 164 105 130 254 137 93 138 78 136 86 137 70 89 53 142 139 121 16 70 56 228 200 214 113 81 115 167 84 100 183 81 128 193 149 98 164 213 37 224 212 185 164 25 124 172 26 144 71 201 145 108 34 199 26 88 232 33 211 77 141 7 194 58 122 10 188 145 225 31 37 26
65 44 229 150 89 171 165 125 82 172 147 32 155 83 77 86 98 196 37 78 239 130 203 30 147 216 175 62 132 161 99 137 254 120 101 143 63 136 80 159 64 85 54 138 114 119 16 76 76 246 203 216 109 90 120 154 124 66 133 108 64 228 153 108 143 222 60 196 212 161 164 42 147 173 13 144 79 148 194 117 27 208 27 69 239 45 213 69 141 6 194 135 128 20 188 139 212 32 49 75
63 48 225 147 171 167 151 30 66 174 167 40 155 106 77 81 127 171 147 77 209 121 202 38 114 147 174 49 133 160 87 149 253 119 96 147 64 136 80 197 83 77 60 136 93 119 17 71 72 228 204 221 111 85 108 103 127 43 90 117 28 253 158 118 102 221 127 95 212 144 163 52 107 173 14 144 111 122 206 140 43 219 27 57 254 52 215 71 141 6 195 234 129 39 186 134 200 32 58 124
98 121 52 100 80 122 179 133 56 96 159 65 155 16 71 61 69 110 197 67 243 145 220 109 251 48 117 248 154 168 34 140 237 162 11 168 98 156 95 194 34 86 191 82 121 114 14 67 96 230 184 213 239 95 107 84 251 152 184 94 174 40 158 110 65 197 1 150 207 251 166 48 254 172 68 151 47 254 147 103 93 206 253 215 194 108 201 97 142 9 197 16 126 186 118 133 191 33 88 101
113 98 52 73 65 120 173 131 57 78 160 73 155 6 72 53 85 214 189 98 241 146 218 103 249 155 164 203 152 168 32 140 233 159 17 160 97 153 105 193 34 126 151 119 130 109 21 123 110 239 184 214 214 83 124 124 242 161 180 100 167 38 154 109 45 211 2 164 208 245 167 76 254 172 12 151 47 254 134 116 109 214 185 146 200 92 201 90 142 19 197 43 127 233 122 137 189 27 88 85
115 76 90 70 45 120 158 141 57 111 170 72 155 10 73 97 121 218 123 98 238 147 217 122 241 182 173 164 161 171 27 137 231 154 3 159 104 151 111 192 36 168 182 151 130 102 28 104 124 237 186 214 176 91 141 176 235 163 156 110 92 70 157 105 62 213 2 140 208 252 167 73 254 171 27 151 36 254 180 122 118 221 45 85 196 100 199 94 142 27 197 102 125 202 126 155 190 31 89 32
106 53 75 69 43 109 162 155 48 69 170 47 158 4 76 116 146 213 41 137 232 146 216 121 232 171 174 150 169 168 22 136 236 150 10 171 109 153 94 103 34 159 184 147 100 100 27 134 109 236 191 219 84 139 140 149 232 158 150 85 38 178 146 108 58 230 4 145 209 244 168 79 249 172 68 149 46 255 211 111 96 227 20 76 175 108 205 67 141 22 197 126 126 201 135 183 172 35 92 8
137 38 105 67 50 139 97 147 49 90 172 51 158 19 75 117 155 210 8 103 212 149 214 148 157 133 174 116 155 168 94 136 244 144 7 178 92 150 100 45 38 139 89 154 118 105 22 150 101 239 192 218 70 125 144 141 218 162 144 88 95 217 144 107 69 201 1 201 209 252 166 113 255 172 53 148 82 255 220 97 126 209 25 37 144 78 205 65 141 20 198 108 176 242 144 173 168 35 68 21
219 24 177 94 39 161 60 113 44 113 136 43 157 34 74 111 147 212 1 85 219 151 212 196 109 179 174 78 155 167 68 138 252 146 45 180 87 146 103 77 62 113 41 155 152 115 16 151 108 243 195 218 79 129 142 127 169 159 165 88 135 241 143 116 115 192 3 208 210 254 166 31 214 173 63 147 103 254 226 96 171 156 31 41 126 54 205 56 142 17 198 52 198 219 153 162 173 36 43 25
234 24 161 118 35 188 83 132 70 129 72 46 157 75 73 100 121 212 2 78 221 145 209 218 161 226 172 59 133 166 47 142 253 157 129 179 90 142 106 86 48 93 58 147 216 125 16 113 110 242 199 219 84 138 111 147 102 140 134 61 167 240 144 111 168 201 10 219 210 252 169 25 185 173 51 146 111 211 200 112 193 118 38 86 121 37 205 54 142 13 199 15 164 174 160 156 192 37 31 27
155 29 152 106 46 195 123 139 84 142 71 65 157 66 73 93 104 208 1 91 190 135 207 171 194 209 170 54 120 165 49 142 247 151 118 179 76 141 118 112 91 85 59 138 219 126 20 69 96 219 203 215 107 154 82 172 74 113 116 80 176 211 142 99 167 207 41 220 211 242 174 32 173 173 39 146 114 157 142 120 175 150 43 93 139 14 206 61 142 10 200 16 120 138 168 152 210 38 24 39
99 32 212 114 59 187 160 166 82 158 109 64 156 81 74 93 108 209 16 55 169 125 205 86 186 218 168 53 137 163 55 140 242 126 108 169 58 142 126 137 90 83 50 135 157 120 23 64 69 221 206 210 129 98 95 186 95 94 144 103 150 208 139 110 156 220 59 207 211 223 173 28 177 174 44 146 92 125 151 112 134 205 46 74 153 5 208 59 143 7 201 29 115 94 175 142 213 39 18 52
81 32 210 125 118 194 165 162 84 172 127 53 156 83 75 92 123 196 100 76 157 121 204 35 198 213 168 52 148 162 66 144 242 118 108 159 70 144 115 105 60 80 78 133 121 118 22 74 76 234 208 210 135 72 107 187 113 93 92 139 110 244 141 119 143 224 89 198 211 197 165 60 187 174 37 147 83 122 209 109 84 216 48 74 144 16 209 61 143 6 201 104 129 73 176 126 201 39 20 81
62 32 172 114 208 188 162 119 57 177 153 57 156 109 76 89 135 171 195 80 132 121 203 31 186 145 169 54 157 161 64 150 244 100 96 159 100 146 94 153 87 77 117 130 99 119 19 69 81 201 209 214 167 80 88 155 107 101 55 143 62 252 147 105 87 208 164 140 211 175 157 89 133 174 45 147 109 131 209 115 43 198 49 76 155 25 210 74 143 5 202 219 136 69 172 113 187 40 28 120
85 119 75 119 136 132 188 167 44 96 162 74 155 72 71 98 70 116 239 99 240 149 220 100 232 117 46 181 147 173 20 149 233 164 3 165 68 159 114 193 36 105 134 83 170 119 24 67 121 222 188 217 232 82 122 31 235 156 166 96 126 40 155 119 53 213 2 139 206 221 167 59 254 173 92 155 55 254 160 100 101 205 225 187 176 11 200 124 143 11 200 14 124 223 111 153 198 30 90 93
123 87 51 96 145 137 171 133 47 76 166 75 155 52 72 55 83 219 225 128 232 149 218 95 212 176 166 139 148 174 20 153 228 160 6 149 71 156 129 197 31 181 68 100 175 115 46 138 121 241 189 217 191 87 158 40 220 164 158 101 163 59 149 114 34 223 2 100 207 214 168 104 254 172 21 155 56 254 126 119 102 214 179 121 191 49 200 109 143 22 200 15 124 238 116 147 192 30 90 72
119 48 37 98 88 143 146 109 46 106 185 64 155 42 73 60 113 209 210 99 225 150 217 127 200 172 162 146 161 178 15 152 226 154 8 146 87 154 138 201 31 249 125 132 175 109 64 128 107 225 190 218 134 102 168 75 208 161 172 123 134 59 151 107 55 211 2 73 207 228 168 107 254 172 60 154 42 254 160 111 71 222 84 89 189 132 196 87 143 32 201 38 122 213 119 164 188 41 91 11
123 37 63 98 69 179 122 136 35 83 152 73 158 44 72 112 130 209 127 91 158 148 216 139 220 175 171 153 147 178 22 134 230 141 9 146 92 157 122 177 37 241 175 140 129 116 105 131 124 230 195 220 77 81 141 110 185 157 156 82 100 57 146 117 62 206 2 139 209 254 169 107 250 173 128 151 50 251 199 90 87 180 58 56 190 107 195 54 142 26 202 71 125 204 128 185 181 30 83 6
170 26 45 80 80 184 59 126 36 100 156 62 158 70 71 116 144 208 41 100 121 151 215 142 208 149 172 90 143 177 99 130 239 155 2 151 103 154 143 69 41 223 119 146 174 121 76 151 114 234 197 219 83 106 146 99 175 159 119 87 127 113 147 105 52 192 5 215 209 254 168 114 252 173 83 151 122 251 219 90 102 213 63 17 151 45 197 55 142 24 203 55 167 231 135 173 182 31 52 32
176 19 118 105 71 181 75 81 34 94 117 35 158 67 70 113 149 213 8 133 131 148 212 159 149 170 171 40 153 174 42 132 248 145 36 148 111 149 150 34 64 187 85 145 210 129 40 159 122 237 200 221 92 129 151 116 127 162 155 87 157 153 150 115 79 200 6 215 209 251 169 25 179 174 98 150 147 213 226 101 144 203 69 43 128 6 200 56 143 20 203 16 180 229 142 160 186 32 29 14
217 22 138 102 63 201 51 146 70 64 47 34 157 91 69 103 127 213 9 124 153 134 210 190 118 200 165 44 136 171 39 140 246 169 130 148 102 145 146 20 57 139 76 136 241 134 22 128 117 230 204 225 82 121 116 183 75 161 144 55 176 171 150 125 114 207 11 207 210 253 177 51 171 174 106 150 131 163 189 116 188 156 74 112 125 11 202 63 143 16 204 7 149 244 148 156 194 33 30 8
247 29 126 96 57 211 99 168 90 63 48 69 157 54 69 96 105 209 1 126 129 119 207 209 83 205 157 59 123 170 58 148 235 136 121 154 81 144 165 112 117 96 75 130 209 128 27 90 101 203 206 225 111 124 72 217 69 156 86 79 165 183 143 129 104 197 65 207 210 253 183 80 203 174 85 150 119 166 135 119 214 152 75 100 140 16 203 66 143 11 205 20 125 244 157 155 205 34 34 55
208 31 163 88 37 208 156 148 88 105 90 82 157 75 70 93 115 211 48 63 108 115 205 184 85 215 152 54 143 170 68 148 225 127 118 152 71 146 191 155 107 75 107 132 140 117 42 83 100 205 210 223 144 65 84 217 90 151 102 106 164 220 136 152 113 200 116 201 210 247 179 56 191 175 64 150 87 197 164 112 221 193 74 41 126 16 201 52 144 8 206 17 135 176 165 148 210 35 29 76
171 32 168 106 61 217 161 170 87 151 105 66 156 67 72 88 133 201 145 84 111 127 204 122 142 176 151 44 159 171 73 146 223 122 122 154 88 150 177 57 54 76 161 132 117 113 54 82 91 214 212 226 141 56 104 212 96 151 84 142 157 252 136 147 122 206 145 190 211 211 166 73 164 175 39 151 66 175 227 115 180 200 72 39 78 20 198 46 144 5 207 79 136 117 165 132 203 36 27 84
152 33 159 82 132 213 177 197 50 171 123 61 156 90 73 82 134 179 197 83 106 141 204 68 128 87 152 46 174 171 62 145 224 90 110 167 113 152 140 89 80 85 190 130 103 114 59 66 90 170 212 231 165 85 83 195 89 155 126 138 101 248 141 99 65 195 198 123 211 176 153 108 109 175 44 151 89 118 214 127 112 169 71 63 66 26 197 60 144 4 207 196 120 98 160 117 193 37 33 121
79 98 61 119 136 190 183 144 36 158 159 71 156 57 71 75 66 177 240 103 230 146 223 171 221 214 10 155 152 173 18 144 236 158 19 183 83 163 107 196 35 140 77 99 191 121 36 92 115 252 203 219 221 82 152 131 192 150 184 90 85 45 146 129 58 213 4 99 205 191 173 78 251 173 157 154 46 255 187 112 102 202 150 119 179 73 195 102 147 21 207 29 131 208 121 146 183 51 91 105
103 65 55 138 147 176 193 171 45 125 174 74 156 90 68 53 104 203 251 119 170 145 219 113 238 212 71 158 151 179 16 151 217 155 0 177 108 160 118 192 28 238 99 94 192 111 44 143 99 230 199 218 155 116 165 38 163 151 199 92 126 51 149 134 53 222 4 78 206 101 170 122 253 173 68 151 46 255 159 119 79 221 124 92 178 133 197 92 146 22 206 13 125 247 125 143 180 33 91 81
143 28 55 138 120 174 183 126 41 96 179 58 156 97 62 54 106 216 216 137 127 158 215 111 251 213 164 138 148 186 11 142 221 155 15 166 110 157 135 205 46 224 133 122 160 103 70 129 96 245 187 230 85 125 162 9 126 152 202 142 159 67 155 106 67 221 4 93 205 125 177 158 253 173 62 154 32 253 138 117 79 214 102 84 197 118 197 100 143 21 206 45 127 207 124 151 193 31 91 12
126 21 62 142 89 189 92 120 33 92 159 76 156 97 76 101 117 215 185 100 132 145 218 130 252 186 177 83 140 186 10 96 226 152 16 177 102 171 136 135 51 240 151 151 145 103 134 131 91 230 200 213 64 90 116 56 102 152 169 115 161 54 147 109 65 199 5 151 207 197 167 167 242 173 128 148 58 253 164 121 87 175 63 61 173 47 196 70 145 28 207 59 139 191 131 175 195 22 81 9
163 26 67 91 92 198 63 144 32 62 120 58 156 97 64 133 139 215 135 97 110 164 214 148 251 129 170 47 131 184 83 64 234 138 31 186 72 162 146 59 72 227 168 125 179 109 107 125 103 247 201 237 69 111 113 50 108 148 141 93 136 44 155 123 48 190 11 220 207 236 169 109 188 181 139 147 86 233 207 125 108 131 88 36 173 27 199 73 145 18 210 41 117 235 127 165 201 23 47 14
190 28 130 75 69 196 59 118 40 64 88 63 156 101 60 137 111 212 84 144 107 150 208 169 235 127 154 38 138 182 70 104 233 164 81 187 79 153 169 56 95 226 153 145 246 121 44 141 117 232 202 214 83 164 141 106 96 155 177 78 137 60 154 94 67 181 6 204 208 248 180 51 154 180 142 148 105 141 210 128 160 181 84 64 140 14 198 71 145 14 214 88 143 224 130 153 193 25 32 26
196 27 134 131 35 208 85 102 69 99 34 59 156 65 68 111 107 210 45 117 125 110 206 185 209 171 147 74 149 179 58 142 225 172 104 176 94 152 150 23 101 225 140 143 251 130 23 156 95 242 204 209 107 92 120 191 80 168 182 74 163 73 144 113 84 172 21 195 208 251 177 94 163 171 104 149 98 179 184 122 197 231 70 80 155 16 194 73 145 15 217 48 126 222 141 147 186 31 33 18
209 31 126 151 22 215 133 145 74 156 38 38 156 42 72 98 107 211 21 102 123 126 209 197 196 130 148 102 145 174 85 136 218 114 89 164 74 151 141 79 89 187 143 130 178 128 2 137 99 239 208 234 131 88 61 177 80 168 156 81 161 101 142 136 84 176 90 212 207 254 164 136 159 169 59 144 85 219 161 109 201 213 78 69 179 17 196 79 145 11 220 6 130 235 150 144 195 15 31 48
232 36 109 123 24 216 157 138 105 118 29 46 156 43 67 96 122 208 110 72 95 129 212 208 192 117 142 89 143 171 90 142 210 136 104 161 69 147 189 128 76 124 153 136 119 121 67 103 141 227 213 232 145 154 91 177 86 158 167 106 174 188 148 204 108 194 101 209 206 240 180 92 121 177 59 141 85 193 207 101 210 173 82 54 115 12 203 74 145 2 220 20 131 233 150 139 199 84 42 82
233 32 106 123 32 233 153 170 89 101 45 74 156 46 65 89 150 196 173 93 80 107 210 215 173 93 142 66 153 175 90 145 214 131 121 163 98 145 214 43 74 86 164 125 111 122 95 81 139 232 217 240 148 96 83 187 94 156 167 134 153 247 145 210 106 193 91 181 208 236 148 69 91 177 61 150 87 145 213 108 226 199 79 37 45 18 205 75 145 2 220 49 129 233 150 131 194 109 47 85
215 23 82 130 44 236 171 189 81 118 88 75 156 86 70 82 108 183 203 82 86 149 205 216 146 63 156 57 161 180 79 138 231 95 97 162 117 146 197 65 80 83 151 124 108 130 102 70 114 184 219 175 147 72 65 200 105 164 157 142 156 225 135 120 52 168 123 103 210 219 72 88 90 168 35 164 84 115 214 121 223 173 86 56 37 30 200 90 145 9 219 160 107 215 152 125 193 62 32 120
81 86 78 144 141 166 180 145 49 181 170 57 156 36 57 98 74 195 230 129 198 133 223 121 152 151 14 154 147 178 17 147 234 161 28 182 90 167 93 207 41 175 91 131 181 129 20 84 57 225 214 228 200 75 131 180 112 142 178 95 75 52 136 94 84 194 20 118 204 57 181 81 253 174 216 152 37 246 208 123 120 206 148 73 181 118 191 107 143 16 207 67 134 160 137 154 163 29 97 115
101 48 60 170 100 155 191 165 42 173 180 71 156 63 55 72 99 219 247 135 139 135 219 95 181 143 23 133 143 181 16 151 226 156 7 173 100 164 99 208 36 243 100 120 178 121 14 134 58 235 202 218 134 100 128 79 105 145 231 108 105 45 140 113 75 195 54 87 205 51 174 101 250 174 121 146 40 251 193 133 95 213 166 70 173 131 202 98 145 17 207 76 129 206 141 142 163 39 97 100
138 17 67 180 51 171 169 150 30 164 165 66 156 78 72 50 96 228 221 152 93 152 215 132 193 148 88 110 138 186 23 116 236 155 16 162 91 161 109 188 50 223 77 119 159 116 26 127 85 237 191 217 73 138 122 21 99 146 201 152 127 65 157 115 66 200 42 60 204 55 167 127 226 174 61 145 38 250 181 130 77 204 154 84 182 70 205 107 145 16 205 114 131 215 140 145 179 26 97 38
153 22 66 189 43 191 98 126 39 125 155 70 156 75 35 54 119 231 195 132 94 162 216 121 211 113 112 42 124 181 50 97 236 146 4 173 72 170 105 88 63 236 95 138 136 110 30 133 88 246 200 231 54 126 124 23 86 139 221 125 168 55 150 108 90 195 12 124 207 66 181 168 176 185 109 157 51 244 164 118 90 135 117 71 150 33 206 124 146 29 215 104 134 205 137 156 174 38 95 20
176 20 62 153 51 181 64 122 39 98 119 66 156 88 82 97 120 229 180 102 86 161 215 141 221 125 127 40 144 181 99 53 227 160 73 174 80 163 129 103 73 237 119 130 161 115 98 121 60 240 202 241 78 113 101 26 98 139 166 93 155 44 150 125 67 188 12 227 207 146 172 91 144 172 116 161 58 138 140 117 122 117 137 50 120 30 200 121 146 17 214 74 121 227 136 159 182 33 52 21
193 20 97 109 41 184 61 102 44 108 59 61 156 98 107 130 83 224 166 130 90 149 212 162 235 137 137 42 160 180 109 60 220 171 124 172 78 157 158 114 86 231 102 151 207 123 117 145 59 234 205 212 86 101 138 72 105 141 176 70 150 55 147 113 72 185 14 238 205 210 175 38 104 168 129 169 58 182 141 115 171 189 126 73 107 23 205 101 146 7 212 113 140 210 133 162 179 38 26 19
191 28 72 118 20 197 94 104 80 121 33 49 156 61 82 132 75 218 133 139 98 119 208 174 243 125 146 59 160 178 122 84 211 154 120 170 74 158 100 50 92 225 120 142 207 129 120 184 61 207 208 161 71 70 154 136 95 144 196 71 155 56 148 112 72 182 34 208 203 254 177 97 85 177 114 173 52 206 145 111 198 210 100 85 132 15 208 86 146 7 208 100 132 214 130 162 176 74 29 22
190 39 58 142 11 231 143 144 99 162 11 59 156 32 48 117 61 215 90 94 87 113 207 182 247 62 156 94 159 175 145 96 199 132 117 173 86 159 116 56 89 223 144 125 152 125 64 175 71 196 211 173 73 94 70 173 83 145 194 89 157 57 151 128 55 183 67 199 205 255 175 143 94 180 74 168 74 186 189 104 191 206 112 78 150 16 202 93 146 10 201 46 137 230 132 165 184 149 32 56
202 43 48 153 7 213 161 145 120 178 2 58 156 27 45 93 64 208 144 67 65 85 206 193 236 68 154 121 164 175 131 99 189 132 139 178 102 155 165 133 88 202 100 126 121 117 20 127 95 185 215 178 105 144 52 167 85 145 195 120 196 107 147 192 72 194 85 210 208 250 178 89 108 175 61 161 115 190 219 101 189 204 139 70 107 25 201 97 146 10 194 13 134 227 137 167 186 224 34 87
216 32 73 172 12 218 149 187 92 173 7 59 156 28 59 85 112 193 186 69 62 97 204 205 210 61 150 117 161 178 130 87 178 151 136 177 109 151 172 118 97 144 109 123 117 118 8 83 102 172 220 191 135 131 63 163 93 149 186 139 184 142 139 189 85 192 97 199 208 245 125 66 109 174 66 164 115 149 215 104 207 201 125 57 45 34 197 90 146 7 188 36 133 232 140 161 178 228 44 94
222 19 116 176 27 194 164 205 76 124 25 51 156 63 67 95 109 178 211 60 78 138 201 212 185 30 156 96 150 183 157 85 164 145 104 171 112 151 193 83 110 85 127 140 103 124 78 61 110 143 224 126 145 116 72 165 96 155 189 137 175 114 133 145 54 172 116 118 206 237 34 111 101 181 59 172 75 109 233 109 223 170 86 70 26 37 182 87 146 5 184 153 105 226 141 153 176 152 54 117
83 70 74 158 54 150 175 125 51 184 183 58 156 48 67 118 89 209 229 90 144 130 223 76 82 123 18 135 138 183 40 157 226 166 27 190 90 172 86 214 34 207 98 97 158 126 30 85 68 170 213 237 157 55 120 215 86 130 145 96 68 52 127 124 75 175 64 81 198 30 178 101 244 175 227 150 39 254 227 119 130 207 119 60 174 138 192 104 143 12 208 115 132 88 156 160 132 35 98 113
98 28 62 171 18 129 180 131 63 191 189 73 156 76 67 98 102 228 250 81 133 123 219 69 131 132 4 84 133 184 42 150 223 158 7 186 81 169 87 213 29 242 101 125 152 122 21 134 77 212 200 234 102 51 105 150 86 132 195 107 85 49 132 115 75 177 116 75 199 96 176 111 212 175 180 143 42 254 221 129 109 210 180 62 159 130 204 113 145 12 214 135 128 140 160 148 133 39 98 103
128 12 88 176 14 150 136 150 79 195 157 70 156 84 43 67 106 231 237 97 117 141 216 96 123 154 27 64 128 186 64 101 235 153 8 178 58 166 89 143 44 229 60 125 148 119 24 144 111 209 208 238 64 85 99 82 89 132 186 124 98 65 157 113 64 189 87 62 199 56 174 135 165 175 131 141 57 243 215 123 82 209 170 80 151 51 198 136 149 10 226 162 131 203 158 148 150 31 98 46
162 20 77 209 18 166 84 132 88 154 113 58 156 91 91 50 116 232 226 107 93 147 217 108 130 152 65 28 140 178 149 91 225 140 7 174 66 166 84 69 68 231 52 133 131 105 31 168 112 197 207 234 43 146 106 45 93 130 195 67 139 56 153 115 80 198 68 136 202 51 179 132 148 176 87 166 86 180 212 121 86 143 174 64 131 23 176 166 146 13 212 114 132 225 144 149 149 46 108 23
176 10 84 195 26 162 55 120 93 132 73 60 156 108 111 56 91 231 224 116 81 135 217 129 138 174 101 43 172 179 189 54 205 179 48 175 87 160 123 100 79 246 60 131 143 110 29 161 66 192 210 168 69 114 86 102 97 131 178 45 159 43 147 116 64 188 66 202 205 74 173 67 144 173 108 172 103 133 148 113 130 161 148 50 82 35 159 169 146 14 210 82 131 227 137 164 161 26 62 21
192 8 144 142 22 180 58 125 91 137 10 64 156 113 102 75 52 226 222 133 74 128 217 151 158 160 130 52 175 179 215 32 200 173 66 173 75 157 152 101 95 241 62 130 166 119 35 161 65 205 214 149 77 51 141 130 107 130 186 36 171 52 140 129 75 186 87 219 203 89 180 54 126 176 109 180 114 216 123 103 175 239 137 65 103 32 167 137 146 12 207 112 138 208 126 173 162 64 24 7
198 21 146 128 12 182 96 134 118 83 33 59 156 76 60 110 55 220 184 144 79 125 215 161 184 112 145 61 152 178 206 34 184 156 73 168 70 160 80 66 104 223 127 106 160 126 104 169 83 124 215 129 57 63 189 99 96 130 180 46 165 51 148 144 75 184 103 207 199 175 175 103 104 182 73 183 108 203 135 97 196 207 145 71 143 15 170 88 146 10 206 135 138 214 121 172 163 138 25 23
197 37 155 150 6 204 150 140 138 28 10 89 156 45 35 128 40 215 137 87 82 132 211 166 202 60 160 92 150 178 189 55 152 186 105 164 105 161 126 49 99 225 164 88 131 126 158 182 88 79 216 158 46 97 80 136 76 134 148 65 161 38 159 135 46 172 103 180 203 234 175 135 100 176 54 178 127 206 223 98 196 182 162 67 159 17 144 64 146 12 209 80 145 227 127 176 176 214 33 64
196 39 153 158 1 156 170 148 145 61 7 64 156 31 48 103 31 206 172 111 73 98 208 177 207 71 165 130 162 180 150 50 144 172 126 161 116 157 178 107 94 233 55 79 127 124 125 185 78 62 219 133 66 107 38 154 94 142 113 93 202 61 148 149 43 165 119 173 209 254 182 130 103 167 79 172 172 190 231 102 188 197 181 69 130 38 127 60 146 12 214 6 138 223 135 185 184 217 27 90
203 27 162 163 6 161 154 200 120 129 13 52 156 22 66 72 81 191 205 110 62 104 208 191 204 56 161 141 158 184 133 30 136 202 119 154 99 153 152 154 103 202 58 74 126 128 44 144 58 67 224 175 92 129 87 158 128 152 97 110 170 79 131 120 51 157 139 176 207 250 160 114 84 174 93 174 154 115 217 103 195 180 166 61 59 46 104 58 146 7 220 25 137 230 133 184 189 226 41 109
212 15 227 161 27 140 164 218 110 111 2 53 156 38 67 67 102 176 226 77 57 116 208 201 201 24 161 127 146 186 178 50 104 207 113 147 99 152 184 111 117 152 129 97 104 135 21 84 62 91 229 188 103 125 112 132 136 159 117 106 129 57 128 111 33 143 137 126 200 248 101 103 56 189 71 180 78 98 236 101 215 168 123 63 32 38 62 58 146 0 224 136 103 236 125 175 198 183 77 116
87 59 118 199 62 170 166 136 73 174 176 76 156 116 83 97 106 216 235 70 112 115 223 100 90 140 31 126 127 185 113 139 212 169 11 178 83 177 93 215 35 215 76 63 136 114 28 78 105 181 189 233 116 60 111 211 93 121 119 69 62 52 126 145 48 171 100 49 180 44 175 141 165 174 190 141 45 237 227 126 123 199 92 74 139 74 197 109 145 10 156 134 137 73 171 158 120 39 102 123
94 20 91 214 46 131 150 133 122 176 182 79 156 127 70 95 118 228 253 65 134 112 219 107 173 150 19 50 126 186 110 109 202 158 10 174 63 174 92 214 31 234 80 79 132 112 22 123 88 208 180 229 76 40 95 228 93 119 94 106 75 67 131 115 47 178 137 67 181 132 184 120 149 175 205 141 46 208 221 143 116 210 175 66 115 77 199 141 144 10 155 138 134 102 172 155 130 18 102 109
117 15 76 212 45 133 81 158 166 178 155 70 156 82 78 81 123 228 250 89 127 140 217 95 156 178 44 41 125 189 135 83 205 151 10 168 41 172 87 120 58 236 93 88 135 111 19 151 94 206 218 233 64 61 83 187 93 118 65 123 88 73 153 106 41 188 107 87 182 95 193 125 138 175 215 146 67 191 215 139 100 222 161 69 92 29 174 181 146 9 153 143 141 164 169 151 147 52 102 50
165 19 83 180 27 156 56 141 180 180 82 54 156 70 162 55 95 230 249 115 100 144 222 93 71 181 80 42 167 180 135 80 201 152 17 173 78 171 85 72 57 231 130 107 134 108 19 144 96 211 221 211 53 136 77 145 98 126 103 108 96 57 144 119 50 190 105 106 179 45 182 134 147 168 163 171 75 74 198 123 110 189 147 59 93 27 121 184 147 11 172 114 146 225 159 159 159 44 111 20
174 13 93 182 29 164 49 123 192 127 44 44 156 110 112 50 64 228 236 91 80 141 218 115 78 163 120 43 169 182 141 77 181 188 31 181 71 164 134 92 74 236 91 113 137 113 12 145 65 191 225 82 51 113 82 201 92 122 116 110 140 41 145 120 39 171 113 130 185 50 177 115 133 178 167 175 108 130 162 113 153 201 99 53 62 34 106 178 147 19 180 102 153 227 136 178 167 55 79 19
185 14 170 145 21 179 62 133 181 122 36 69 156 132 61 51 39 222 224 81 60 129 214 139 84 123 144 55 142 183 150 64 187 169 32 182 66 160 148 93 97 233 85 106 148 120 11 147 84 187 228 78 54 53 156 201 101 124 118 123 175 47 136 141 58 161 133 146 188 50 185 94 118 181 140 178 135 120 101 97 174 232 95 62 110 30 127 139 147 19 192 127 147 221 119 184 160 134 37 6
193 25 175 147 13 184 90 135 188 106 60 77 156 107 45 69 62 212 182 131 59 128 213 153 87 91 148 79 108 181 149 58 163 185 46 166 90 162 114 96 110 222 130 96 147 126 15 158 117 113 229 97 61 77 210 124 89 132 113 132 172 54 141 178 71 153 143 156 185 153 170 75 110 173 96 176 121 86 121 86 175 189 120 65 157 18 139 87 147 7 200 169 151 223 122 172 148 174 24 35
197 33 163 171 6 179 143 127 197 59 23 88 156 70 58 83 66 204 154 120 76 136 211 161 98 74 159 97 100 182 194 80 107 235 106 142 116 163 155 83 105 211 184 100 132 128 80 197 134 95 227 146 63 100 86 115 71 139 122 132 158 48 162 159 49 133 139 138 186 252 170 104 101 171 96 171 113 136 215 91 187 161 132 63 181 24 119 61 147 3 198 131 158 225 130 169 147 152 30 77
196 29 164 155 1 136 177 157 196 71 10 46 156 46 74 77 61 192 189 106 92 121 207 171 120 65 169 107 109 185 214 70 106 226 161 124 104 160 206 95 93 204 116 90 131 131 179 235 123 80 228 103 61 78 53 152 107 143 120 143 187 65 159 173 36 122 146 134 191 229 174 122 91 177 138 170 149 131 228 105 193 169 154 69 144 41 116 55 147 12 186 57 153 222 127 180 153 196 22 97
190 23 155 144 14 148 167 199 197 117 12 47 156 43 81 83 93 176 217 89 90 86 206 180 143 43 170 119 123 187 158 53 122 239 157 118 89 156 152 140 91 196 95 74 129 137 165 210 85 75 232 171 66 98 130 174 159 155 103 158 140 83 138 159 33 125 154 149 190 199 181 80 90 175 153 177 149 98 230 112 194 156 157 66 45 43 95 58 147 23 171 81 147 224 114 184 170 252 33 129
183 21 197 149 44 150 171 186 202 107 2 54 156 62 84 109 107 161 233 88 81 104 207 185 156 31 169 132 140 186 136 98 94 213 124 120 101 156 139 133 96 188 124 84 112 143 47 145 67 86 235 237 74 107 142 147 168 168 104 160 87 73 131 109 19 126 145 122 183 241 157 61 95 166 131 186 96 103 232 110 205 163 122 56 22 29 37 66 147 27 161 160 113 226 104 175 193 142 75 129
92 59 56 160 66 200 157 144 100 175 153 81 156 184 111 82 125 224 240 83 131 94 222 70 111 93 51 141 120 186 103 103 203 169 53 177 74 182 97 210 57 209 55 93 127 113 28 60 57 151 155 252 109 50 105 130 77 120 57 84 46 58 134 111 41 158 99 72 152 32 186 140 84 173 203 126 42 124 215 133 118 197 80 70 105 15 202 119 148 12 125 121 156 90 180 158 95 52 110 122
93 19 67 170 69 156 116 148 168 172 169 79 156 177 112 85 99 230 253 90 130 107 220 74 203 87 73 48 125 188 100 51 178 158 50 175 61 179 95 225 55 227 58 69 128 114 26 98 65 134 147 248 65 56 89 203 84 118 35 152 64 76 137 111 30 162 122 81 154 111 188 120 118 173 211 136 40 75 211 142 121 211 144 63 90 23 198 157 144 12 122 116 154 77 181 159 102 27 110 100
109 14 64 161 39 128 37 148 201 168 166 75 156 93 204 86 68 231 247 112 88 149 217 54 203 104 90 41 129 192 118 66 168 151 26 170 53 177 91 158 95 229 120 72 125 113 18 145 83 133 201 243 63 101 67 215 91 116 73 185 83 74 146 124 24 157 117 84 156 144 173 134 147 173 236 149 57 51 207 135 119 224 123 57 66 10 167 189 144 12 122 120 163 99 177 146 108 28 110 37
162 16 99 163 33 131 47 134 162 190 64 64 156 76 145 71 68 235 244 135 80 139 223 83 70 109 117 42 155 187 112 69 194 174 21 167 74 185 88 136 73 230 173 81 130 129 29 125 79 152 218 216 71 134 70 224 86 123 117 186 83 54 132 111 41 145 126 97 149 73 145 140 134 177 240 157 53 48 194 116 143 210 97 49 66 34 120 194 147 12 112 122 165 189 173 164 122 62 108 22
177 27 118 172 33 138 62 107 173 127 28 44 156 140 107 61 51 232 233 120 74 141 214 103 91 88 150 36 120 190 111 91 168 190 9 168 48 177 141 181 73 217 155 100 132 132 7 124 48 162 221 110 55 121 80 215 83 113 135 190 122 36 147 114 23 130 138 143 156 80 141 161 118 176 214 164 66 90 181 111 182 177 78 51 71 24 110 161 147 14 102 135 175 209 146 186 133 191 99 22
182 42 196 139 23 126 78 109 158 111 95 75 156 182 81 46 43 221 223 86 61 120 208 128 95 67 163 50 87 190 113 98 178 167 60 163 66 169 141 199 74 213 178 97 144 133 24 155 69 156 224 101 46 77 166 203 95 117 117 202 156 38 131 107 30 129 135 177 161 69 162 126 109 170 187 170 76 60 76 96 183 143 82 56 118 16 132 115 147 12 87 155 165 233 129 194 129 194 62 17
174 47 197 134 15 148 81 122 160 149 90 77 156 171 90 50 63 204 181 108 55 115 209 147 73 61 155 80 75 186 110 92 158 211 137 147 106 169 157 181 79 221 149 102 153 131 30 200 110 116 225 83 53 75 225 185 88 136 100 199 157 49 120 146 47 131 133 169 161 152 164 60 108 167 178 169 63 62 125 82 157 149 78 61 155 22 143 95 147 12 79 186 167 234 131 180 113 165 30 61
171 39 159 147 10 130 119 140 173 159 40 57 156 122 105 75 74 188 171 170 71 107 209 162 64 61 160 91 67 185 167 104 98 230 170 126 109 169 156 174 88 217 152 116 141 128 14 212 139 108 225 119 63 96 95 142 72 142 111 181 142 51 147 124 44 121 146 140 159 250 190 98 103 174 172 166 59 75 201 89 159 157 77 61 189 34 135 106 147 33 82 168 174 227 126 173 104 146 24 95
177 26 175 128 5 124 160 191 179 151 12 47 156 76 108 101 85 172 199 147 104 105 205 171 81 36 171 83 61 189 208 82 101 238 179 113 99 166 200 173 95 191 164 105 125 129 53 192 141 85 225 100 67 89 56 162 102 135 113 175 175 63 156 179 41 121 151 146 159 158 188 113 101 180 159 168 98 107 215 112 173 155 131 67 138 40 157 109 147 75 96 130 177 225 106 180 108 154 18 111
173 23 169 120 19 130 156 178 200 139 14 65 156 76 110 132 111 152 221 123 131 52 203 172 96 35 174 92 89 187 147 50 126 233 172 115 108 164 156 174 93 163 157 90 118 131 126 161 112 85 228 162 71 93 123 181 138 144 110 182 153 74 134 219 40 138 147 165 159 121 195 72 123 164 157 175 135 126 230 127 182 152 157 70 25 32 157 101 147 113 114 151 156 215 99 182 134 185 22 148
161 27 171 129 49 144 153 106 195 129 34 37 156 98 118 164 116 137 233 103 143 132 205 168 97 55 173 115 135 182 97 80 101 176 148 123 120 164 91 188 87 148 150 90 115 133 148 135 98 91 231 194 78 111 118 177 131 163 116 183 129 67 122 101 32 151 151 143 159 220 178 130 152 139 169 182 135 103 215 128 192 159 112 52 22 21 106 100 147 131 127 184 127 203 108 174 169 206 46 151
100 61 65 171 57 197 151 117 78 171 142 64 156 142 146 82 105 230 244 101 127 106 222 45 103 85 72 141 120 186 84 108 196 169 59 181 73 187 91 203 67 189 66 134 124 125 42 59 26 127 178 213 129 28 122 25 86 126 78 140 27 59 141 84 39 110 87 75 126 35 193 115 90 170 219 115 38 116 209 134 120 207 102 63 112 13 191 147 153 12 146 109 175 92 187 162 67 41 112 105
97 21 74 186 80 158 97 152 165 169 168 69 156 160 191 76 68 228 248 116 110 114 220 53 146 77 90 49 126 190 93 62 163 161 51 184 65 184 90 222 62 223 83 111 128 126 43 97 81 101 173 225 66 62 110 85 92 125 95 167 48 61 140 99 35 110 115 83 130 67 174 118 121 170 188 123 36 145 211 126 120 213 123 59 113 16 184 178 148 14 146 116 171 72 188 163 65 35 112 78
107 8 50 185 41 111 40 151 179 166 184 80 156 124 193 76 38 233 235 126 70 147 218 57 156 81 105 31 131 193 99 97 146 156 24 183 65 182 89 194 100 211 128 85 113 125 30 166 119 96 217 230 55 123 86 132 94 124 142 164 73 61 141 110 46 95 126 68 134 132 112 156 121 170 189 135 45 159 212 109 119 220 104 54 98 26 174 184 149 15 159 136 180 70 185 148 56 53 113 15
126 11 116 170 28 135 57 109 137 166 87 72 156 109 108 79 63 232 234 99 53 143 219 80 84 70 139 39 125 193 100 39 199 183 11 161 64 193 82 137 126 215 145 78 117 136 20 177 97 106 225 210 64 147 79 195 98 128 120 166 90 46 134 129 36 79 149 62 133 158 53 79 117 173 248 114 58 176 240 103 121 208 93 50 60 35 133 174 146 7 143 133 174 139 176 162 61 186 109 22
159 38 128 193 33 151 81 104 142 137 25 59 156 148 112 77 59 228 231 149 51 119 213 96 113 64 164 40 82 197 127 61 158 179 31 145 57 183 129 142 106 211 141 89 121 139 44 186 53 144 227 146 72 138 61 193 96 118 137 152 115 34 154 104 21 88 158 117 129 160 61 103 126 171 250 132 54 159 195 107 168 152 79 58 83 13 120 143 146 5 143 158 182 173 160 185 78 206 115 19
182 62 148 171 27 126 92 129 134 112 97 76 156 172 113 74 55 216 226 131 49 82 212 119 118 63 170 49 80 195 155 85 157 164 122 129 86 175 135 139 73 209 200 75 134 138 35 208 62 141 229 137 68 89 153 207 96 121 125 144 143 36 125 86 26 119 148 177 130 105 100 147 130 174 246 151 49 143 70 100 193 103 87 59 108 6 130 106 146 9 141 173 182 232 152 201 85 180 89 37
177 61 137 155 19 144 72 171 145 131 88 69 156 189 110 94 48 198 175 80 55 92 217 139 89 58 162 61 108 188 161 87 150 206 194 121 107 173 169 121 52 211 215 70 148 132 20 207 96 114 232 106 53 53 230 212 80 136 125 136 149 45 93 168 44 146 146 184 134 121 111 88 124 174 241 160 51 137 141 88 176 142 85 69 125 25 132 101 146 30 137 180 176 247 150 197 81 195 46 83
168 42 109 152 16 106 86 199 174 135 66 43 156 172 113 135 44 181 168 147 78 90 217 155 72 68 168 69 102 187 179 97 109 198 178 119 95 171 147 135 67 209 187 74 141 128 28 167 118 90 235 118 47 82 113 157 64 139 124 122 136 49 111 147 52 149 162 143 131 152 149 82 120 158 223 161 64 101 208 97 153 152 83 68 156 43 118 115 146 70 130 170 180 237 134 191 77 132 23 107
168 26 137 142 13 112 118 215 189 133 50 98 156 125 121 155 64 166 191 143 105 74 210 164 83 49 177 72 85 189 196 87 111 226 158 121 106 168 189 134 98 193 195 79 117 129 70 123 116 82 237 107 57 109 56 170 82 132 104 119 173 53 118 178 51 149 164 119 125 58 144 155 126 138 187 162 79 109 210 123 145 139 138 72 112 40 135 107 146 108 122 161 189 233 117 192 79 122 21 121
163 20 120 143 20 112 112 144 211 122 39 123 156 106 121 151 93 149 222 153 118 26 209 162 86 47 175 77 108 184 186 46 123 227 157 124 133 166 184 109 105 167 194 100 104 129 85 103 94 104 238 156 64 104 85 183 100 138 110 119 172 51 96 244 44 155 163 140 127 51 171 167 134 136 166 162 97 78 218 138 148 145 177 82 25 26 156 85 146 128 114 170 137 208 129 188 103 185 23 152
152 21 81 142 40 129 109 66 164 133 62 58 156 103 115 147 102 135 245 103 117 101 213 155 73 54 172 83 146 175 185 37 89 175 139 127 132 167 107 137 92 147 202 110 107 128 86 95 92 147 238 142 62 117 79 178 87 154 131 111 173 41 86 146 33 157 177 164 134 184 179 197 138 149 173 162 113 67 202 135 157 166 149 65 38 18 145 77 146 131 109 173 114 186 156 180 139 218 25 162
108 53 58 169 69 168 131 113 68 158 144 49 156 55 182 75 71 237 239 118 103 134 222 40 115 97 104 115 127 189 141 142 185 169 63 158 96 193 84 210 60 148 74 143 117 131 32 68 66 186 218 122 139 60 126 2 102 130 164 140 20 57 143 84 48 47 105 57 115 34 184 120 120 167 206 97 38 137 215 140 121 204 149 62 49 29 145 157 145 11 145 111 186 90 189 163 65 19 112 96
103 24 71 178 74 140 85 161 174 159 162 56 156 98 221 76 68 224 235 145 86 124 220 37 109 90 85 61 128 191 156 128 151 165 68 160 75 190 85 188 52 216 124 127 126 129 33 112 121 173 226 135 67 94 126 11 106 130 158 119 41 49 138 72 48 48 142 60 121 29 164 103 119 167 177 89 42 135 218 125 118 204 132 57 49 19 124 181 140 12 141 128 180 90 190 165 74 68 112 75
109 7 64 174 19 92 74 196 167 159 169 70 156 112 125 81 88 232 217 142 82 133 218 47 108 79 121 37 127 192 141 145 138 164 76 160 62 188 92 160 71 199 114 87 108 126 17 202 136 140 241 148 50 122 118 45 105 130 102 84 66 55 141 70 65 42 122 51 127 65 95 121 99 166 160 88 43 126 219 108 117 216 128 60 38 36 147 169 145 14 139 148 184 85 186 161 64 176 113 21
99 20 123 131 30 106 76 132 149 156 145 60 156 87 136 90 72 226 224 148 64 161 216 81 98 78 154 52 116 195 140 46 203 180 66 144 62 193 86 101 134 202 134 78 102 128 29 215 118 119 234 151 50 123 101 87 118 133 147 115 93 35 139 93 25 34 95 40 109 166 84 60 113 164 185 67 42 114 229 101 93 202 92 70 44 31 94 114 146 14 148 157 182 95 177 175 64 240 115 19
126 46 163 152 38 130 90 124 154 139 60 61 156 87 145 117 69 223 221 158 51 121 215 95 115 72 169 50 88 200 159 55 149 160 146 131 86 185 106 43 138 208 108 73 110 132 28 225 81 118 231 121 71 143 53 133 120 134 135 92 115 34 155 77 29 51 110 61 86 217 87 65 121 169 212 94 51 98 143 113 127 146 70 78 59 13 84 112 146 15 149 174 188 127 173 191 76 219 121 10
157 61 131 158 31 119 98 147 159 118 69 57 156 81 135 142 68 212 215 160 39 68 218 112 115 74 170 46 122 197 165 89 134 154 199 121 107 178 131 22 113 208 117 48 116 132 28 221 74 96 231 125 80 96 138 176 103 132 105 77 142 37 117 86 43 88 149 110 73 182 117 142 113 171 207 125 45 83 54 114 179 123 73 73 60 8 98 104 146 27 150 191 202 210 168 206 79 127 110 51
175 50 121 165 19 133 76 203 172 134 71 61 156 121 114 158 53 195 159 139 45 75 217 125 93 59 167 46 169 189 174 96 135 170 174 124 104 177 141 46 73 197 230 47 125 128 76 182 73 84 233 131 66 53 220 176 72 129 125 71 152 42 78 191 58 117 181 149 81 173 110 91 97 157 184 144 49 55 114 106 197 151 84 84 66 28 107 107 146 48 152 186 186 248 165 208 75 139 70 97
178 34 132 153 18 108 76 218 193 135 61 45 156 146 119 162 46 180 161 157 65 83 201 136 82 77 178 56 159 186 177 106 112 186 154 129 98 176 153 72 65 181 246 53 131 127 81 138 82 91 238 125 50 85 130 155 61 132 151 67 141 44 89 184 63 124 184 146 81 98 137 70 105 123 182 151 63 73 196 115 161 135 95 80 80 45 83 121 146 64 155 175 182 242 163 201 69 193 36 117
171 28 170 134 18 109 87 184 206 158 57 129 156 122 143 146 69 169 183 105 80 59 178 146 87 74 183 69 147 188 173 136 113 226 188 127 117 171 194 65 91 171 219 79 120 131 84 122 95 135 239 103 49 116 81 175 76 141 136 72 175 46 88 183 54 129 183 122 71 42 116 160 132 102 179 153 54 87 211 135 118 130 139 77 59 40 72 112 146 64 158 171 189 229 165 193 61 220 37 135
154 24 171 144 20 103 78 93 224 151 37 155 156 107 141 134 91 157 220 151 76 59 171 150 84 69 176 74 156 181 177 126 116 239 188 123 140 168 211 58 104 173 185 129 102 132 48 113 82 121 236 147 54 112 78 191 90 151 114 72 169 42 71 236 36 134 192 142 73 39 153 155 144 118 164 150 61 63 216 136 104 132 168 95 27 24 108 83 146 53 161 168 96 191 173 187 70 241 45 152
139 18 155 147 29 100 83 81 135 145 50 116 156 95 119 138 97 147 248 142 64 44 176 149 70 46 171 70 154 169 173 98 87 208 132 121 146 167 152 89 93 179 175 136 97 129 41 92 72 169 232 118 57 107 73 181 86 157 83 60 167 35 78 210 20 131 196 204 86 133 179 133 136 149 156 145 100 114 211 120 107 172 150 82 34 15 151 65 146 43 162 170 74 167 182 182 94 203 39 169
114 43 107 201 71 149 104 127 107 153 144 48 156 53 231 88 86 247 227 91 132 139 222 48 131 115 139 94 134 192 140 158 173 169 191 144 128 196 83 228 57 108 57 123 108 127 22 65 81 172 193 117 133 107 103 8 79 130 117 107 25 59 141 98 74 10 140 67 116 43 174 125 105 166 226 75 37 168 224 126 118 185 160 52 22 51 92 111 127 9 137 114 194 77 188 158 56 60 116 80
108 27 90 200 60 129 71 146 216 156 141 49 156 79 225 110 66 224 218 119 98 127 220 46 122 108 91 88 129 191 145 170 143 169 184 153 88 193 87 154 51 207 137 120 126 121 33 113 143 159 214 115 66 131 112 2 92 130 120 97 43 55 133 69 57 14 177 41 123 55 173 95 106 165 223 51 47 147 221 107 119 187 115 51 24 22 52 133 121 10 143 129 186 87 188 162 74 188 117 71
112 13 68 184 13 89 98 206 178 159 126 54 156 81 208 129 88 233 198 104 102 124 218 54 113 85 157 69 122 191 107 158 136 171 199 158 56 191 100 96 54 197 86 124 112 116 21 214 155 85 204 114 52 117 120 4 110 131 148 87 67 64 143 80 49 21 108 31 129 77 134 94 125 164 199 36 45 149 218 89 126 212 121 68 17 36 98 118 130 11 147 133 186 75 184 170 67 240 117 28
111 40 108 187 37 88 92 196 175 173 147 40 156 85 209 159 76 231 208 148 121 134 216 83 119 74 169 66 120 195 127 120 204 180 201 122 59 196 99 76 85 203 88 86 95 124 28 228 159 95 197 114 53 72 127 6 114 131 118 54 95 28 136 99 26 21 10 52 73 166 113 112 131 172 175 45 39 131 212 108 108 193 86 66 37 30 59 63 145 14 143 166 196 67 185 196 72 231 120 17
106 57 226 180 44 100 95 139 187 156 79 47 156 74 210 152 68 227 206 128 101 117 217 95 123 68 175 49 107 200 168 113 147 149 205 126 100 189 88 31 136 196 117 70 105 129 17 211 134 90 192 123 56 134 68 38 126 143 125 37 116 33 147 138 39 21 35 47 37 223 94 111 125 166 166 74 65 139 109 123 107 125 88 71 36 19 52 76 145 25 144 170 200 88 182 202 77 221 120 6
118 56 212 190 31 102 102 111 201 143 47 31 156 50 194 145 76 214 204 135 74 72 218 108 120 78 171 37 156 197 167 137 125 143 196 137 110 184 124 32 152 193 73 46 103 130 61 202 97 91 187 136 67 104 141 83 110 137 99 28 140 35 110 160 54 30 136 47 21 197 105 116 111 144 137 109 55 129 64 128 152 121 81 61 29 17 73 89 145 48 145 194 225 181 172 209 75 132 119 60
148 35 206 215 12 132 90 162 204 149 59 52 156 75 174 154 78 195 157 141 55 57 202 113 109 62 170 43 198 188 157 121 125 135 196 149 103 185 102 80 110 189 175 55 104 125 131 194 39 84 188 152 74 78 207 106 78 119 103 24 149 33 80 208 60 37 216 63 26 227 96 67 105 115 131 132 40 89 84 124 190 135 65 70 33 30 91 120 145 69 147 189 200 237 169 206 74 148 90 107
169 25 204 182 12 165 88 179 202 121 28 38 156 86 181 162 89 179 173 150 53 73 161 119 100 78 183 58 181 185 131 107 108 191 206 147 116 185 161 86 73 167 177 62 123 125 65 169 29 91 192 131 65 106 137 164 73 123 125 21 141 33 95 200 57 44 209 100 30 140 134 121 119 102 160 143 48 121 173 132 152 120 85 61 30 43 53 171 145 72 148 175 187 236 187 195 74 242 52 128
162 34 189 131 16 174 86 124 204 156 30 110 156 60 205 149 116 167 192 122 67 74 117 130 92 82 187 71 181 187 115 155 109 232 197 134 126 179 197 82 80 144 137 82 128 129 57 136 69 158 191 113 54 121 112 181 86 151 136 23 177 37 92 217 45 71 208 119 21 155 105 147 140 111 176 149 56 122 207 143 93 146 150 53 30 40 7 191 145 66 149 167 189 214 202 183 68 217 55 152
140 36 177 140 17 158 73 45 223 184 32 134 156 70 205 136 124 156 217 182 88 169 97 141 76 93 177 79 182 179 138 173 119 244 182 124 140 174 208 108 93 148 118 112 110 129 43 98 66 110 184 153 68 120 95 200 95 167 132 24 166 39 85 248 30 103 226 126 22 104 122 56 143 119 181 148 108 129 211 128 72 131 161 75 40 24 40 157 145 68 149 157 66 168 188 177 73 231 72 159
123 27 196 161 21 117 88 97 117 192 61 151 156 83 186 142 120 146 233 147 104 86 100 147 59 69 172 84 144 165 133 144 106 226 186 122 169 172 162 119 90 170 105 88 93 125 27 65 38 173 176 102 93 101 84 205 99 162 88 16 158 37 111 245 19 115 212 158 31 91 132 95 132 118 196 143 202 160 212 100 74 169 107 65 33 11 117 117 145 78 149 173 43 146 159 177 91 237 66 179
