187 197 67 8 249 164 63 137 106 57 225 179 187 223 46 175 194 198 122 168 127 228 100 37 77 111 160 95 174 215 137 94 139 52 198 231 191 75 159 69 119 178 255 247 92 69 101 106 58 241 22 227 205 7 88 33 142 88 1 108 223 143 124 131 110 77 81 138 212 151 32 159 89 71 254 123 100 52 58 146 196 47 140 173 253 132 87 155 23 210 72 98 181 237 203 126 159 73 50 249
185 201 68 17 252 161 64 138 104 66 224 185 116 224 107 180 210 200 121 179 144 227 96 176 90 88 155 96 173 238 135 102 137 49 201 241 181 80 158 66 128 180 255 250 92 64 128 119 59 252 52 227 196 6 57 94 142 88 1 123 236 143 116 132 110 79 85 138 214 151 51 158 92 70 251 125 78 61 58 119 194 61 138 151 253 137 46 100 8 217 72 101 112 149 203 96 163 65 107 250
184 207 55 99 246 158 72 140 103 71 220 182 120 222 182 170 206 202 121 180 152 226 103 198 76 69 152 96 157 209 133 111 136 43 207 249 168 79 159 64 133 181 255 254 93 48 143 112 60 243 72 236 119 2 17 190 144 87 1 149 245 143 115 133 122 80 87 138 216 152 66 158 86 61 245 128 74 68 58 113 178 70 140 161 253 135 32 57 15 218 73 138 106 143 204 73 166 70 122 248
97 204 40 195 250 151 109 139 101 64 214 181 100 219 221 172 220 203 122 183 160 239 98 172 75 68 150 97 181 203 127 124 143 52 207 251 183 80 163 76 130 183 254 246 91 45 171 102 65 227 69 242 104 1 54 124 148 95 4 155 247 143 116 134 100 85 84 138 215 151 64 158 91 69 209 122 57 50 60 132 116 64 138 166 255 122 118 52 21 198 71 112 141 146 204 110 167 134 66 252
78 211 45 119 181 156 124 138 105 61 227 188 125 229 224 174 221 205 124 186 165 180 105 198 118 76 149 97 166 165 117 150 159 57 211 247 184 64 177 57 109 181 255 247 91 66 176 98 78 217 44 241 102 39 97 64 149 98 3 144 254 143 108 134 119 83 60 139 216 158 66 158 96 53 187 136 65 59 61 109 68 69 138 169 255 114 203 65 16 212 70 99 111 153 205 110 166 142 62 252
53 211 53 177 105 162 133 137 110 41 225 192 104 232 203 169 222 207 125 184 172 167 94 233 140 106 146 98 124 122 114 158 175 54 210 244 187 65 197 140 117 179 255 248 92 49 164 102 68 210 35 241 102 70 81 7 152 102 0 121 254 143 94 135 107 81 53 137 217 161 90 157 94 52 165 138 71 65 62 98 51 70 139 123 240 104 194 52 24 205 68 118 160 127 205 87 165 147 74 250
68 221 60 136 78 166 127 136 112 45 220 190 95 223 182 179 220 207 127 179 179 244 82 255 120 148 143 98 101 99 116 168 180 45 206 241 189 67 197 197 132 181 255 255 93 43 136 92 71 201 40 242 109 79 83 23 154 106 2 99 251 143 77 136 90 78 52 134 218 166 121 155 84 42 150 129 78 64 64 95 59 56 139 100 184 97 190 33 38 200 68 103 144 95 205 97 165 145 90 249
101 212 59 157 95 166 120 135 111 49 228 190 116 211 190 183 215 206 127 181 183 227 84 255 105 188 139 98 130 94 111 173 179 43 208 236 192 89 191 199 124 184 255 254 93 73 115 85 75 194 42 243 104 91 58 29 151 108 2 80 246 143 66 137 103 76 77 135 219 182 143 154 80 37 134 141 78 41 65 70 51 34 139 82 180 95 216 127 32 204 68 94 53 88 204 81 165 146 102 250
78 235 53 163 119 163 127 135 109 52 230 192 94 208 195 178 209 204 126 187 182 216 93 248 116 152 135 99 171 88 102 178 179 49 216 232 194 73 202 204 121 186 251 252 93 67 113 75 75 211 47 243 150 107 68 49 147 107 51 68 251 143 63 137 112 76 121 140 220 198 170 153 83 38 123 170 68 30 66 81 47 17 139 113 200 91 205 228 14 202 66 98 18 78 202 90 166 151 116 251
36 237 52 86 125 161 138 135 107 97 223 184 127 213 168 184 204 203 124 184 180 182 97 253 123 85 133 99 179 74 109 191 183 54 215 234 196 70 210 184 123 183 248 254 92 45 115 77 82 240 51 241 174 130 46 30 148 106 73 92 254 143 60 136 105 76 135 141 219 194 190 152 84 38 133 182 74 47 66 129 52 13 140 135 199 86 146 227 15 155 63 78 26 76 200 92 166 154 123 251
34 131 55 158 121 160 145 135 106 138 221 173 95 218 137 180 201 204 123 176 177 112 91 238 115 131 131 99 170 63 124 181 185 52 208 239 196 59 204 171 110 180 246 236 92 59 113 125 66 246 46 239 197 155 31 20 153 105 78 136 254 143 55 136 105 76 132 139 219 177 188 152 80 55 152 175 99 49 66 131 47 16 140 134 153 81 153 233 33 67 61 95 46 93 198 80 167 153 116 251
197 197 79 51 252 159 81 142 103 65 218 180 154 228 85 175 196 187 122 173 154 226 98 8 63 62 156 100 170 218 127 108 134 63 208 230 182 77 182 69 122 175 245 252 90 100 81 105 64 238 48 229 207 7 69 67 153 91 1 110 222 143 99 131 105 79 82 139 212 153 36 161 108 73 243 117 135 49 58 111 200 60 139 155 253 121 71 112 14 157 59 110 118 237 204 123 159 69 63 248
187 199 76 31 252 158 90 140 100 70 217 185 74 229 170 178 234 191 122 179 166 225 110 137 57 57 152 100 160 236 125 124 136 64 209 237 152 78 185 69 128 176 247 255 90 72 106 110 66 252 78 225 210 5 52 54 151 93 1 113 231 143 75 132 112 81 82 139 215 155 54 161 112 82 217 116 106 54 58 88 192 76 138 151 253 125 36 100 13 160 59 100 81 149 204 96 163 71 132 247
156 208 57 98 243 157 102 141 101 71 218 180 93 227 234 170 216 193 122 175 170 222 130 228 83 53 148 100 130 226 124 135 138 56 213 245 122 73 192 68 133 178 248 253 91 51 113 86 68 236 90 229 148 1 45 164 151 93 1 131 236 143 70 133 123 83 80 139 216 156 66 161 106 81 196 120 93 58 59 97 174 86 141 170 253 121 44 65 14 160 60 122 96 144 205 77 167 97 84 236
77 211 64 161 228 159 113 137 104 58 213 173 102 227 224 171 219 196 124 183 176 229 151 254 148 65 147 102 104 222 115 168 157 56 210 250 115 77 207 85 135 182 240 254 89 48 153 68 71 210 68 240 96 2 51 151 149 98 4 149 250 143 64 135 112 82 107 139 215 159 62 162 96 83 156 129 76 39 60 131 137 85 140 188 250 133 112 34 19 162 64 106 127 150 205 98 167 136 62 251
72 226 65 96 149 160 126 136 107 61 223 182 115 233 228 161 218 199 124 181 179 223 156 241 156 60 146 102 75 161 116 200 173 63 210 244 117 68 215 59 116 180 237 254 90 56 165 69 65 168 40 239 94 48 102 98 147 101 4 142 254 143 58 136 130 80 82 143 216 166 61 161 104 59 164 138 82 37 62 127 66 82 141 177 249 134 185 31 14 180 63 104 118 142 206 100 167 115 57 249
53 227 70 174 76 163 131 135 109 45 205 185 95 232 225 165 216 203 125 179 183 135 96 249 149 75 144 102 33 105 112 206 185 60 204 240 120 73 220 126 125 180 237 253 93 49 169 66 33 155 40 238 90 93 88 36 149 105 0 124 254 143 52 137 122 77 61 140 217 164 102 160 105 59 172 144 85 57 65 94 39 78 140 116 219 134 190 31 21 177 63 110 160 106 206 81 166 95 61 248
66 224 76 162 63 168 122 134 110 38 188 184 82 221 217 166 212 205 125 179 186 220 71 247 122 97 141 103 25 92 106 201 184 50 198 238 128 64 216 202 138 182 245 245 94 47 159 64 74 152 67 240 114 99 103 53 154 108 5 106 242 143 38 138 112 75 90 134 218 154 132 159 96 51 167 144 91 54 68 76 53 66 136 86 166 133 221 7 32 177 65 107 122 87 206 116 166 91 71 249
106 233 76 169 84 171 116 133 108 41 209 188 76 211 201 172 204 205 125 181 189 213 82 246 103 142 138 103 62 95 107 185 179 50 205 233 140 85 202 207 132 184 255 247 94 59 152 63 89 137 78 242 108 88 65 74 153 110 2 95 242 143 28 138 122 74 150 139 219 157 129 157 93 49 145 145 93 34 69 70 42 42 130 64 186 127 233 58 28 165 67 98 48 99 205 131 166 93 88 250
98 232 74 155 102 169 124 133 105 76 231 195 84 210 166 182 193 205 124 180 189 173 75 255 108 131 135 104 104 79 110 175 178 68 218 227 154 75 201 189 137 181 254 254 93 57 145 97 64 150 73 243 129 77 64 93 145 110 43 86 251 143 36 138 120 75 212 145 220 169 158 157 98 50 118 156 87 30 69 86 31 18 126 90 197 118 222 180 17 152 68 92 35 93 203 134 166 93 120 250
63 172 80 101 115 165 133 133 103 136 230 192 116 215 137 185 181 206 124 174 188 124 70 255 123 87 133 104 128 50 105 179 179 86 219 228 166 66 207 177 128 174 255 254 90 50 122 148 83 196 69 241 144 83 51 66 141 109 59 100 243 143 47 138 106 76 241 132 219 171 196 156 99 37 99 173 99 36 67 119 36 13 126 114 191 107 210 234 22 137 66 91 33 87 200 115 167 91 139 250
55 81 89 178 125 161 136 133 103 155 228 182 96 219 133 199 173 207 124 168 187 68 53 255 133 124 131 104 141 30 95 165 179 94 211 234 174 57 194 170 92 167 250 254 89 58 94 160 68 238 65 238 155 101 53 63 143 107 47 130 221 143 47 137 107 78 222 110 219 161 195 156 94 50 92 184 128 52 66 112 34 21 127 119 163 100 218 251 39 87 65 102 47 108 198 101 167 90 133 250
211 213 169 133 251 159 98 153 100 76 202 180 125 225 116 176 181 190 122 177 171 230 94 4 67 54 153 103 184 209 120 130 136 94 208 227 177 78 198 69 114 172 209 251 88 94 96 86 72 249 74 228 206 7 45 156 165 91 1 116 221 143 73 131 104 80 77 139 213 153 39 164 113 67 216 119 149 45 58 86 206 59 136 166 253 112 73 15 11 142 43 117 96 238 205 100 157 59 108 247
187 209 178 70 252 161 113 146 97 79 201 185 75 223 195 179 240 195 122 186 182 228 136 117 64 60 149 103 168 215 118 159 141 103 206 233 134 78 200 72 115 173 209 251 89 73 108 78 73 231 92 221 214 5 63 116 161 95 1 103 228 143 35 132 106 83 73 139 215 156 56 163 112 87 171 122 120 47 59 71 226 71 135 155 253 108 42 74 17 152 43 124 110 149 205 81 161 61 166 248
129 216 167 102 242 162 130 143 98 78 208 180 81 219 225 178 216 199 122 191 184 226 168 245 142 57 146 104 128 227 116 177 147 99 209 241 93 71 208 73 118 175 209 243 90 64 96 60 74 226 90 223 171 2 105 158 158 96 1 108 230 143 26 133 105 84 68 139 216 158 65 163 103 95 138 131 103 48 59 91 229 77 139 148 253 98 58 74 12 158 44 120 132 144 206 71 166 100 53 255
79 216 127 164 204 170 117 138 106 79 211 179 102 229 229 163 221 203 125 176 193 222 193 248 160 60 138 106 41 191 107 189 174 129 214 246 83 63 210 68 130 176 187 191 88 58 99 52 71 185 60 240 94 25 55 173 158 105 1 129 241 143 33 136 110 78 131 137 215 174 64 165 113 95 172 135 110 47 60 104 146 82 139 159 255 111 91 18 17 168 45 97 110 144 205 92 171 100 44 249
63 218 118 88 124 167 126 137 108 79 213 186 106 230 200 139 220 206 125 172 194 240 186 244 142 59 138 106 37 125 118 221 185 138 211 240 75 69 217 80 117 175 169 220 90 49 114 54 49 127 35 238 114 57 105 129 155 107 5 126 249 143 34 137 122 77 141 145 216 166 60 164 123 65 173 138 119 26 63 127 62 64 140 154 247 125 133 23 12 172 46 98 117 120 206 99 171 59 51 247
76 221 109 166 61 164 125 136 110 55 176 186 105 225 181 142 220 209 124 170 196 156 84 255 127 73 137 106 25 71 113 228 191 138 200 235 64 80 217 140 127 175 154 253 93 58 135 60 7 118 52 237 115 88 90 85 157 110 0 114 247 143 38 138 118 74 135 144 217 148 106 163 124 65 156 150 110 47 67 80 30 53 137 107 203 142 144 31 18 165 48 78 135 78 207 95 170 28 58 247
90 217 103 254 67 165 115 135 109 31 147 181 106 215 190 128 220 211 123 172 198 185 57 250 118 71 135 106 16 64 97 224 185 129 192 233 54 56 209 212 133 177 164 252 95 64 163 97 72 124 102 239 134 108 108 59 163 112 7 106 241 143 32 139 116 72 161 138 218 135 128 161 113 59 123 160 99 46 71 52 48 57 127 92 150 152 197 38 30 183 53 93 72 76 207 169 169 35 54 249
86 239 97 254 94 167 113 134 106 34 177 183 85 210 186 129 217 211 123 172 199 210 91 253 107 106 133 107 11 64 103 209 178 137 201 228 50 66 190 194 127 176 195 252 95 54 193 77 95 97 122 242 101 115 58 93 162 113 1 105 250 143 22 139 125 73 182 145 219 139 103 160 107 61 102 153 110 39 72 66 37 54 114 74 178 151 168 16 30 179 59 95 29 104 206 218 169 56 56 250
93 195 97 238 99 165 124 133 103 88 217 191 115 213 148 145 208 211 123 169 201 152 87 255 103 109 131 107 15 48 118 195 176 166 218 221 53 62 187 159 138 168 230 253 92 56 193 82 48 84 109 243 95 101 44 76 153 112 41 100 244 143 32 139 110 75 197 147 220 140 129 159 108 61 105 145 127 44 71 72 24 41 105 91 172 143 136 73 18 158 63 81 38 95 203 217 170 63 85 250
88 74 110 253 100 158 133 134 102 140 230 190 103 218 125 142 195 211 124 167 201 102 81 243 125 79 128 107 54 40 102 188 175 198 222 222 58 72 202 181 120 154 251 245 88 64 142 165 75 124 95 241 112 83 30 66 146 110 58 104 188 143 46 139 92 77 215 115 219 111 182 159 106 37 117 165 134 36 69 78 29 36 103 103 164 135 163 205 15 149 64 94 20 82 200 180 170 58 113 249
55 28 125 238 107 152 134 134 102 123 233 181 76 220 138 166 186 212 124 166 202 104 55 255 155 110 127 108 111 49 68 162 172 210 213 228 63 86 198 187 63 143 254 253 85 60 82 173 66 181 88 238 123 80 40 62 144 108 36 120 122 143 46 138 98 79 183 73 219 75 183 159 98 43 124 195 138 53 67 65 29 40 105 101 155 130 178 240 21 111 64 84 29 106 198 168 171 54 116 249
205 213 232 119 252 161 103 181 103 69 196 192 54 224 111 169 151 191 123 181 186 228 161 27 75 62 142 108 161 217 116 158 140 137 200 225 192 83 194 68 117 151 123 254 85 104 68 114 53 243 106 213 215 10 29 70 158 88 1 126 224 143 108 138 101 88 70 138 214 160 49 165 116 71 166 145 158 58 63 105 193 50 137 169 252 119 76 16 15 124 53 117 107 236 201 105 101 62 100 255
176 196 235 93 242 166 118 165 101 79 195 165 85 225 200 185 192 196 123 176 195 225 186 182 85 55 141 109 163 231 113 175 149 172 222 231 179 78 193 76 115 154 149 247 85 95 97 124 74 186 93 216 219 7 46 102 166 96 1 109 232 143 85 130 90 83 83 138 214 163 60 164 109 64 140 149 151 56 55 96 173 99 137 142 254 104 71 36 24 133 54 114 145 153 206 92 127 65 90 255
97 225 179 85 214 154 117 145 101 69 205 175 61 222 219 156 208 199 123 178 194 224 206 250 121 54 143 109 151 192 111 191 166 178 202 237 155 81 192 87 117 148 193 183 86 79 113 94 64 159 59 212 200 4 121 126 167 103 1 112 230 143 66 137 100 74 107 138 214 163 59 163 105 116 132 163 139 50 58 86 137 150 143 132 254 92 90 84 12 142 45 137 128 146 207 70 152 97 48 253
81 211 133 101 180 163 113 135 108 73 202 175 86 233 222 125 215 204 127 170 207 224 208 249 164 61 135 95 51 130 105 197 190 191 212 242 93 67 187 94 109 152 152 144 94 78 93 75 64 130 61 234 129 23 92 189 160 108 1 117 253 140 52 135 92 65 144 130 214 172 58 167 118 102 126 148 146 35 58 66 70 153 140 158 254 93 107 48 21 148 50 128 119 134 207 106 169 112 39 246
92 227 119 104 97 181 116 134 105 96 206 164 80 220 219 109 195 196 121 164 228 219 103 249 136 67 141 112 23 107 107 209 184 201 210 245 84 75 163 128 118 146 96 165 84 100 98 84 77 100 70 239 141 70 68 155 171 109 1 113 248 139 34 145 107 85 151 146 215 156 66 165 126 62 122 160 147 31 60 72 77 115 139 157 241 90 80 4 36 158 45 122 109 93 204 97 169 74 41 249
63 223 104 189 55 151 129 133 103 63 163 177 96 223 209 106 201 205 128 160 233 227 36 255 102 71 136 118 28 93 107 218 177 217 195 237 86 77 179 169 128 145 107 233 93 140 107 99 67 138 91 248 153 130 40 88 150 109 9 126 212 145 21 139 79 81 150 146 216 141 108 166 144 70 98 185 137 42 118 52 62 58 139 105 157 120 72 23 16 164 50 100 101 67 200 95 169 19 68 253
56 234 93 242 82 169 110 133 103 21 153 182 86 220 200 59 215 196 126 162 236 130 89 255 85 87 130 113 14 92 102 211 176 229 194 227 67 82 194 209 130 151 81 253 87 159 131 80 99 190 114 248 137 159 63 80 156 110 0 126 224 145 23 131 88 65 140 135 218 135 89 167 136 68 114 181 131 55 93 43 71 31 137 77 130 146 135 37 4 162 59 85 30 74 204 179 168 30 64 245
61 224 84 236 96 160 101 133 105 53 142 172 119 203 203 53 209 195 125 167 252 178 144 248 91 91 132 111 11 103 105 193 179 234 206 220 67 66 171 203 136 153 88 246 105 141 171 67 58 181 117 237 102 140 43 118 154 114 22 128 216 137 31 140 102 78 132 142 219 129 87 164 127 77 124 181 140 57 41 56 65 61 137 75 124 149 155 8 24 163 53 91 36 74 213 220 167 77 49 254
38 119 84 254 102 182 124 133 105 113 201 189 107 208 201 53 211 214 119 168 251 173 130 250 112 94 128 105 12 96 118 171 180 230 193 210 68 60 190 163 144 143 169 247 89 115 194 87 51 72 105 239 91 106 54 111 164 116 48 133 138 141 33 147 85 78 134 146 220 110 136 158 127 77 147 170 148 57 84 45 80 107 137 98 117 154 106 7 20 163 38 93 24 85 206 224 167 99 61 253
38 27 101 231 111 149 128 131 103 135 244 198 90 221 173 52 218 207 120 165 242 100 92 255 133 109 124 105 100 59 101 152 178 223 178 209 40 90 176 123 119 128 212 230 93 97 169 122 75 59 95 253 102 93 73 155 145 108 35 124 79 147 36 141 89 67 140 109 220 85 157 156 114 37 137 152 156 53 57 39 112 107 139 88 134 169 81 102 12 149 41 82 13 71 169 213 168 102 86 247
58 33 122 244 91 160 124 130 100 134 225 169 118 216 139 125 212 195 157 162 250 99 48 254 145 95 130 117 203 57 61 142 174 222 189 223 44 100 189 75 73 118 253 201 87 83 129 166 52 117 96 232 107 99 77 152 156 98 49 132 46 141 41 137 90 91 142 58 221 67 190 158 117 53 146 189 169 42 69 69 66 76 141 94 99 166 68 241 36 131 56 74 44 128 131 204 169 89 118 254
197 218 232 78 253 156 105 168 102 49 198 188 29 227 112 176 157 178 124 184 195 223 177 45 85 58 152 112 143 206 110 154 153 113 184 226 142 70 182 100 125 123 195 246 83 140 55 98 65 195 96 215 208 63 39 39 149 89 1 120 161 143 128 138 87 82 69 138 214 158 51 171 121 87 125 161 175 62 50 129 118 72 126 162 252 115 84 11 12 123 49 53 155 236 204 97 145 49 96 242
153 213 221 66 239 162 118 143 101 68 191 167 55 228 206 181 180 183 123 174 213 221 188 185 78 53 144 113 156 186 108 164 163 143 176 230 135 72 179 110 122 131 172 202 83 137 75 125 66 134 74 220 205 61 41 76 156 95 1 102 227 143 123 133 80 82 102 138 215 159 62 170 120 96 76 159 176 63 56 108 53 105 124 142 253 106 78 3 1 132 56 45 197 153 212 88 132 66 97 252
89 227 173 105 206 162 113 143 100 75 191 159 67 227 226 141 186 194 123 172 232 220 201 254 89 65 136 113 179 161 107 174 169 153 193 234 160 80 177 124 123 130 165 167 83 127 97 132 54 112 64 220 170 58 78 89 154 102 1 111 227 143 117 143 100 78 122 138 217 158 62 170 122 113 82 178 171 62 79 96 3 135 126 156 252 100 94 43 13 137 57 62 189 145 214 80 167 113 62 253
79 235 125 100 169 165 115 134 107 71 217 174 65 220 223 91 206 184 117 153 243 224 131 252 175 68 132 131 97 120 104 182 169 196 187 236 131 72 165 160 125 133 142 164 84 137 100 115 56 115 83 244 161 56 55 175 155 106 4 98 213 153 117 128 99 79 145 141 216 162 63 167 136 80 98 178 179 41 63 73 31 136 127 182 238 94 108 71 27 132 53 94 136 119 204 99 177 167 45 254
97 224 108 95 86 171 116 130 105 88 211 163 44 216 225 70 196 184 122 134 251 218 50 250 169 71 135 120 15 108 106 180 166 197 197 239 82 74 174 165 117 130 61 167 77 146 94 82 85 121 95 236 184 90 44 175 146 112 1 102 220 145 84 130 94 81 146 136 217 153 69 166 140 77 112 178 189 56 94 56 81 97 131 170 215 100 92 31 5 143 47 118 137 78 219 89 170 140 56 254
76 223 89 193 48 155 123 128 103 45 167 171 82 225 225 41 197 201 130 129 253 216 16 251 141 68 133 106 27 110 108 174 164 202 193 232 70 75 207 167 117 128 70 204 83 188 89 78 90 172 114 231 189 154 35 125 141 109 2 125 193 147 40 136 87 74 134 135 219 143 109 166 153 82 108 186 171 71 170 64 76 53 133 108 150 109 45 27 4 152 42 130 50 66 225 91 162 93 87 254
55 247 81 207 76 148 101 130 104 20 128 170 69 221 228 20 202 190 118 148 254 169 81 255 101 75 129 106 16 108 104 165 165 207 190 223 78 84 213 197 119 127 78 203 84 232 101 79 108 220 129 237 147 204 51 107 163 108 10 131 156 149 21 148 87 69 118 145 221 133 106 165 140 70 123 179 146 62 159 71 86 41 130 75 120 129 49 28 23 154 47 129 14 63 206 185 160 91 75 244
54 215 77 254 93 159 93 133 106 84 126 157 71 200 234 26 200 180 117 163 254 142 113 255 81 74 134 116 27 126 107 154 169 214 191 215 92 67 180 206 120 122 60 170 107 239 133 73 80 214 128 242 96 193 68 109 146 122 63 135 116 144 27 147 97 83 120 139 222 125 111 160 130 96 122 189 155 42 113 59 117 66 126 74 106 102 96 4 29 159 65 129 19 45 170 220 166 106 46 243
73 85 77 237 105 168 116 133 105 140 166 174 105 202 230 31 200 195 126 163 254 172 81 255 96 81 139 115 45 103 119 143 171 220 173 201 88 57 180 167 122 116 94 154 88 217 161 73 73 143 116 245 83 141 69 97 148 126 64 141 76 148 31 129 88 86 136 98 223 121 136 155 130 89 134 187 176 45 66 72 100 95 125 104 95 130 138 7 25 161 86 123 43 77 133 214 174 109 49 252
106 0 83 190 117 171 120 130 102 142 231 188 135 220 204 37 201 201 134 168 250 114 68 255 121 105 133 112 108 69 104 131 170 227 155 197 54 89 188 117 107 116 161 142 84 183 161 101 77 96 105 253 97 112 76 130 146 115 45 133 59 152 35 125 87 73 141 60 223 127 139 158 120 31 130 166 176 54 67 95 84 96 129 93 102 159 142 31 23 150 98 116 119 114 100 208 181 130 70 253
112 20 92 224 101 188 119 126 99 141 235 168 123 223 175 64 196 207 167 181 255 102 67 255 136 100 120 117 232 76 67 123 168 233 161 208 49 105 205 67 79 120 236 141 82 149 145 161 19 83 100 250 103 115 54 128 160 107 53 140 49 145 48 141 122 78 133 54 223 136 177 164 125 49 149 186 167 50 58 91 92 81 134 90 78 181 94 173 20 134 100 118 165 142 78 207 184 146 100 252
177 215 195 56 253 134 108 165 102 50 200 187 26 217 132 180 150 186 124 180 230 222 166 77 111 64 145 114 135 175 105 151 166 122 165 227 101 68 171 121 137 104 240 226 80 186 67 73 64 135 58 213 215 91 70 49 141 90 1 117 151 143 130 140 87 80 79 138 213 157 54 167 124 80 144 179 183 75 58 113 29 39 118 164 251 115 59 20 38 114 62 29 180 236 209 87 167 58 101 252
123 219 203 61 248 142 116 142 100 62 184 177 52 217 214 174 171 183 123 167 241 221 194 192 79 57 140 114 151 122 105 177 168 140 148 227 57 73 166 136 133 114 209 160 80 200 78 96 43 101 65 215 191 87 46 71 149 95 1 95 223 143 134 138 79 83 107 138 217 157 63 166 131 101 82 178 191 66 54 79 10 41 112 134 250 110 50 9 25 122 59 28 195 153 207 69 109 97 115 254
98 219 167 64 226 160 108 134 100 60 168 166 88 218 221 123 186 183 123 159 254 220 213 241 54 84 135 115 200 123 106 189 159 151 160 227 89 75 161 159 131 114 183 155 80 209 105 113 47 93 83 221 132 85 45 60 145 100 1 105 226 143 135 141 100 82 118 138 219 155 63 165 139 91 93 193 193 63 48 57 8 43 111 150 249 108 65 23 36 119 54 39 196 142 203 73 148 164 91 254
95 224 138 92 168 173 115 126 105 70 183 159 102 223 233 61 189 187 115 104 254 209 156 247 77 71 133 114 133 115 105 182 148 160 150 235 94 74 156 176 143 114 176 160 75 226 69 108 56 126 107 235 141 77 35 154 153 102 2 99 165 149 148 127 88 91 131 147 216 151 64 169 166 77 92 196 194 58 73 64 39 42 108 196 253 97 118 53 19 143 49 46 152 98 203 118 175 193 45 249
112 223 118 118 83 159 115 120 104 98 190 156 60 224 232 35 195 160 121 60 252 227 132 254 107 74 124 113 8 118 106 188 150 168 181 239 55 73 175 168 126 114 113 135 76 206 66 68 65 133 121 231 172 94 33 179 152 115 1 97 183 139 114 106 84 70 99 137 217 152 65 167 164 99 85 191 177 65 147 89 85 36 114 175 242 111 105 48 19 148 58 71 134 64 202 103 173 150 70 241
95 222 92 192 49 157 117 116 105 72 169 169 103 230 232 9 190 152 125 54 254 222 113 246 123 65 128 118 25 141 109 193 154 181 203 233 59 73 195 147 122 118 58 131 76 213 68 68 74 172 132 225 176 130 38 141 157 108 4 113 195 141 53 103 97 63 84 133 218 154 98 167 168 91 73 188 162 65 206 78 89 28 119 110 223 111 67 1 34 149 58 86 22 70 186 102 173 98 112 245
50 230 73 205 68 137 94 117 106 56 118 170 124 218 231 31 185 142 111 110 254 214 128 244 114 62 133 128 12 133 108 189 158 192 211 224 74 84 193 178 128 124 45 127 79 232 84 84 104 224 134 237 133 159 53 120 163 109 42 117 150 146 18 129 82 81 104 147 220 152 114 165 147 66 103 182 172 51 214 57 74 33 115 75 214 133 51 19 16 146 61 88 56 63 151 199 181 108 98 250
29 223 64 249 79 178 93 124 106 99 119 158 125 188 222 31 188 153 120 166 248 114 126 254 116 55 126 130 19 152 109 174 161 200 211 216 82 71 176 212 125 123 59 128 110 234 107 84 124 228 128 236 92 149 95 92 140 136 96 124 89 143 22 153 88 105 122 136 221 145 127 160 130 101 134 197 183 51 150 82 86 63 108 68 213 86 58 15 3 147 91 90 112 31 111 223 191 131 56 230
85 165 64 237 91 175 117 131 105 116 131 171 128 179 197 20 187 197 139 179 248 171 110 249 144 68 123 121 38 93 116 157 163 203 194 199 95 64 165 189 121 119 79 138 96 238 124 67 114 214 121 205 88 108 75 76 156 146 67 129 67 144 28 151 91 114 125 76 221 139 116 156 128 91 152 201 165 84 50 113 61 93 106 96 213 119 74 11 61 149 135 92 170 56 87 206 196 120 43 230
147 92 69 133 102 198 118 134 101 103 208 184 136 191 161 28 180 232 137 177 245 120 113 244 170 105 129 118 79 50 100 145 163 202 174 190 92 96 189 150 114 118 105 145 82 240 129 66 92 165 113 179 97 78 80 83 163 133 56 112 65 144 42 145 76 100 132 47 222 141 95 161 118 29 133 172 142 108 73 108 61 89 112 89 215 127 85 3 87 140 153 99 210 113 80 208 194 117 47 235
127 57 76 208 94 203 117 133 98 112 247 171 107 197 133 28 178 255 150 183 235 65 103 255 179 109 131 123 222 59 65 141 163 200 169 198 90 113 186 123 101 121 134 168 81 227 128 106 6 115 107 193 97 71 65 76 154 128 65 108 75 135 72 147 118 74 146 74 222 149 137 170 124 54 128 164 140 102 61 91 152 66 119 88 211 142 68 68 26 128 145 114 205 85 82 208 189 117 65 213
155 219 114 66 252 111 110 159 101 62 198 165 54 211 161 178 143 159 124 168 253 222 213 76 126 70 127 120 145 178 106 154 165 145 158 229 115 72 163 117 127 100 255 195 78 210 65 57 57 100 40 198 206 88 74 21 137 93 1 120 163 143 122 143 124 85 106 138 214 158 56 178 130 95 122 181 176 109 63 109 1 31 132 167 238 126 65 98 81 102 54 30 165 237 221 77 181 77 110 247
101 222 122 92 253 122 114 157 100 72 168 163 73 211 224 170 160 137 123 156 249 222 226 145 86 56 131 120 139 119 107 188 153 149 159 225 85 72 157 151 121 103 238 154 78 216 63 64 24 97 83 203 160 87 44 32 147 96 1 98 214 143 122 145 96 85 101 138 217 158 63 177 139 103 71 184 184 85 73 101 5 28 129 134 238 117 119 19 92 116 45 30 156 151 215 55 120 126 123 236
114 218 154 64 252 156 103 157 99 67 127 165 83 214 212 115 173 116 123 146 246 222 222 137 45 87 138 120 172 136 109 199 137 156 157 220 144 59 152 187 118 95 219 147 78 232 86 59 56 121 104 211 84 89 51 25 142 101 1 101 209 143 124 134 94 83 82 138 218 156 63 177 150 98 78 187 185 74 74 74 27 28 130 147 239 113 174 9 101 127 40 30 167 135 208 69 151 201 108 215
111 227 148 76 166 170 110 157 103 76 108 175 104 203 226 42 156 101 123 78 254 223 213 192 29 68 137 118 136 130 111 179 140 157 166 232 143 66 154 181 123 76 190 129 73 232 57 70 48 136 111 221 82 111 62 128 146 98 1 113 111 148 137 147 129 88 113 136 217 156 63 174 175 82 90 184 180 95 111 74 54 16 130 201 232 87 223 129 115 124 40 37 153 84 209 123 162 197 49 224
117 243 137 132 84 142 112 149 104 94 120 172 92 204 225 20 176 73 118 44 254 225 218 242 39 74 117 121 7 133 108 202 146 158 191 235 70 71 169 178 114 70 177 129 84 218 57 62 71 114 122 227 108 128 71 157 151 116 1 119 117 142 123 121 146 63 101 143 218 152 61 171 172 90 93 188 161 87 222 97 68 28 134 164 230 97 153 123 147 127 49 41 158 62 171 111 164 142 70 212
106 244 117 203 57 145 111 136 106 101 112 177 108 205 228 46 173 68 117 48 254 213 201 255 43 65 127 126 15 161 111 224 153 159 207 229 79 69 163 150 117 72 83 140 75 221 69 76 113 132 126 225 115 135 76 140 152 109 24 137 167 148 75 96 156 69 106 137 220 154 84 169 174 73 95 189 155 77 242 74 106 19 136 105 242 108 81 13 156 128 44 35 138 65 122 105 168 91 107 218
63 232 95 192 66 147 93 124 107 102 89 171 116 195 229 116 166 63 113 110 253 220 187 253 45 58 139 123 14 143 113 220 158 164 205 221 143 75 143 173 123 86 57 144 73 218 92 79 136 202 118 239 101 124 97 159 150 110 101 129 155 152 33 90 140 113 132 136 221 163 113 169 150 51 115 189 169 67 245 63 85 11 135 88 244 145 59 8 90 130 33 32 172 61 90 198 173 126 91 219
31 236 78 222 66 206 105 118 106 108 99 158 134 177 214 110 179 77 134 171 243 120 176 255 69 48 113 114 22 165 114 191 159 176 196 214 161 70 139 207 119 103 104 156 104 203 109 78 134 218 111 220 95 115 117 157 147 146 99 120 101 147 23 107 150 137 147 134 222 165 131 167 132 79 135 202 159 72 145 107 46 57 130 76 246 128 49 5 49 138 55 44 198 49 81 217 175 172 50 224
98 240 70 253 76 203 128 116 103 105 100 168 105 169 181 83 181 120 147 184 249 136 181 255 111 63 92 117 20 94 113 162 158 193 184 198 162 77 122 184 116 113 103 159 106 216 111 73 97 240 111 155 97 110 71 167 159 166 63 120 77 147 24 135 153 148 135 104 222 151 93 163 129 73 141 204 113 102 65 118 15 130 129 89 250 159 29 6 115 147 106 53 232 56 84 203 171 150 34 237
168 187 67 134 87 211 118 118 100 103 139 183 85 172 146 49 173 153 124 174 236 124 192 246 145 106 120 127 30 59 90 156 157 205 168 189 192 108 155 162 110 117 87 144 88 226 109 52 114 217 109 91 94 93 61 170 159 155 74 108 69 148 55 144 127 144 117 89 222 130 56 164 119 37 136 173 93 118 66 86 39 157 132 85 242 151 26 7 137 148 147 61 212 106 89 207 162 106 31 221
130 111 66 199 90 194 114 119 97 113 179 181 77 174 124 26 176 178 118 169 197 95 166 254 159 114 160 130 122 74 52 164 157 209 157 197 228 112 139 164 96 119 90 154 80 205 109 53 96 184 103 123 88 71 66 170 150 151 82 112 91 140 108 133 133 103 110 113 222 116 101 168 125 65 145 144 116 106 56 77 161 137 136 94 246 139 34 17 56 143 159 73 213 55 91 188 155 70 42 239
149 237 130 117 250 114 108 171 100 38 194 152 66 173 162 178 151 61 123 157 241 224 233 36 125 64 130 127 157 199 107 155 149 146 153 237 98 67 160 133 128 96 253 165 76 210 56 84 62 94 77 176 176 104 56 36 139 95 1 121 181 143 126 138 224 89 142 137 215 159 57 181 140 159 80 138 170 144 87 94 8 34 150 168 235 142 93 238 113 89 82 33 160 239 201 76 209 89 108 133
90 235 115 104 247 121 110 157 99 53 142 156 72 169 223 172 154 70 122 154 230 224 232 78 89 51 130 128 122 144 110 171 135 144 159 229 67 69 157 175 121 89 255 164 76 175 64 100 30 97 111 202 123 107 36 61 148 97 1 112 184 143 128 151 180 85 102 137 216 161 61 181 148 123 58 137 175 124 86 125 7 36 151 150 231 128 186 151 159 105 86 35 158 148 190 62 184 122 112 106
106 230 134 76 231 160 97 161 99 52 70 156 61 167 222 118 142 71 121 145 241 225 218 36 51 78 134 129 109 156 111 173 127 149 171 221 105 54 155 201 117 69 254 129 76 169 92 94 75 131 112 203 50 113 62 91 140 102 1 112 145 143 132 136 162 80 76 137 217 159 62 182 158 127 61 145 171 113 101 99 22 41 156 173 230 118 245 137 189 131 97 28 167 123 181 82 199 181 95 115
102 224 151 68 151 163 100 168 102 82 76 169 102 150 226 28 136 64 125 116 252 229 214 95 39 67 134 132 112 176 116 188 140 144 196 222 75 64 154 179 116 57 213 123 73 188 100 60 103 99 99 219 52 98 53 156 147 98 1 102 80 143 134 149 201 75 154 127 221 166 62 180 164 84 87 170 164 98 101 89 55 35 150 208 241 114 247 127 233 113 80 38 174 70 142 93 168 197 61 97
98 218 147 118 74 138 107 167 104 73 69 165 122 152 226 33 161 80 115 120 252 212 207 194 26 76 125 130 18 165 110 205 146 146 196 224 111 76 171 180 117 46 132 154 87 200 91 68 128 78 109 220 69 113 86 170 158 115 1 129 83 143 141 147 220 78 184 141 222 155 64 174 163 63 88 183 171 96 223 60 71 45 149 145 242 111 206 109 241 116 87 36 190 67 112 95 167 165 59 122
97 228 137 207 61 139 106 160 107 111 48 162 114 152 229 111 163 123 118 136 251 220 197 254 15 69 132 132 8 180 114 220 153 145 190 218 198 69 152 154 122 39 49 179 75 225 92 82 165 102 112 215 76 116 87 161 154 110 48 166 134 145 116 133 205 111 168 137 223 149 83 172 170 49 95 192 157 99 242 75 138 46 149 90 254 131 151 58 243 120 91 27 205 55 85 91 163 131 77 153
86 228 126 129 67 169 91 148 107 152 58 157 71 160 230 170 160 132 122 159 234 232 204 255 16 62 138 126 21 149 121 210 157 145 173 212 252 65 114 172 121 44 107 156 69 213 106 67 159 181 105 237 81 104 117 191 151 109 149 157 130 137 68 97 216 161 108 131 224 153 119 175 151 49 110 197 129 97 209 107 158 56 149 103 250 158 107 20 221 124 92 27 208 50 81 186 155 161 63 139
69 199 120 200 61 207 109 135 105 156 74 158 79 174 215 153 175 121 139 170 218 182 192 255 26 51 117 124 39 164 121 178 156 155 161 209 252 66 101 201 115 60 181 137 91 183 115 64 140 208 102 225 92 101 125 196 172 143 89 137 88 127 30 73 238 157 93 137 225 156 138 176 136 61 130 202 106 85 127 100 144 108 151 101 248 166 84 4 196 130 103 40 199 69 92 207 147 193 36 207
124 160 111 253 75 211 126 126 102 166 85 178 85 180 186 152 180 125 139 166 218 95 178 255 40 65 101 143 23 105 113 152 152 173 164 197 249 89 77 178 119 84 157 134 110 199 111 75 112 244 104 166 88 104 111 206 167 172 74 135 75 136 25 107 224 153 122 135 225 145 97 170 135 56 121 203 92 86 89 81 84 176 151 102 251 184 71 22 193 133 124 41 200 74 99 200 143 163 30 233
182 117 89 174 88 198 103 124 98 182 71 203 103 178 157 72 174 126 115 161 184 110 186 248 55 104 131 147 23 88 83 153 148 185 167 191 252 120 107 163 111 110 122 127 92 209 109 64 157 240 101 87 81 93 86 204 157 169 97 136 80 149 78 164 205 178 116 131 225 127 64 162 126 45 114 187 96 93 71 74 42 199 150 90 245 183 58 45 184 129 143 36 193 126 101 196 143 116 28 139
145 79 68 158 103 177 95 125 96 174 90 215 97 178 140 22 180 136 117 162 119 149 177 254 66 108 173 124 25 107 45 168 145 189 161 199 242 109 97 173 88 129 95 142 73 172 112 59 186 223 94 127 88 73 81 218 166 160 91 155 110 146 151 189 187 159 72 139 225 114 103 159 132 63 120 155 116 90 55 69 133 183 148 100 250 160 55 18 159 122 152 39 210 120 101 139 146 78 39 137
146 247 143 126 251 130 101 176 99 75 196 140 56 171 121 180 155 70 122 155 207 231 167 13 137 62 151 128 158 196 108 150 130 145 164 245 129 54 167 179 126 94 235 151 74 196 50 78 72 98 113 160 170 132 72 148 151 96 1 115 175 143 128 125 241 88 175 135 216 161 58 178 148 194 92 121 165 150 105 84 23 66 146 177 235 144 101 172 145 162 193 34 182 241 109 82 169 104 98 47
89 241 140 136 224 123 103 175 98 84 130 151 54 161 193 170 164 99 121 164 221 231 179 78 96 58 139 129 117 152 110 153 127 150 169 237 77 71 168 192 122 87 215 163 74 138 84 66 60 104 117 199 125 125 47 162 151 98 1 124 134 143 134 146 213 85 101 135 216 162 60 177 152 122 82 116 167 146 65 113 24 55 142 161 241 132 181 75 221 106 206 42 187 143 96 67 169 109 101 72
83 232 130 105 185 150 91 162 98 63 35 140 76 153 228 112 156 110 120 158 254 232 177 83 59 78 129 130 75 148 111 159 136 161 175 230 60 69 169 183 121 64 200 115 74 113 125 59 96 104 112 196 59 128 48 184 129 102 1 129 101 143 142 145 216 82 118 135 217 160 60 176 157 118 75 142 156 142 82 86 36 50 143 174 248 123 223 33 241 70 215 44 172 109 90 74 163 142 83 138
85 240 172 70 139 172 90 156 103 79 55 141 131 130 229 25 157 39 117 163 243 237 191 97 27 67 128 123 78 115 118 189 140 166 185 220 95 71 173 171 131 71 109 142 72 130 120 60 165 56 99 211 46 123 45 188 120 102 4 118 69 141 138 142 239 82 188 135 218 162 57 181 165 114 74 176 146 117 109 55 56 49 142 209 242 128 213 19 241 112 208 31 191 58 76 76 157 201 64 140
76 223 161 119 62 152 105 161 105 76 45 145 108 132 230 80 172 58 116 174 238 233 200 190 24 77 138 127 36 114 112 191 144 175 176 223 148 82 172 167 132 68 55 154 77 168 111 61 176 60 104 206 62 110 78 190 175 111 1 133 95 145 147 141 238 117 226 135 219 162 73 176 166 79 63 187 131 101 197 80 83 46 139 127 252 127 215 4 224 116 203 34 194 75 76 88 162 196 47 159
73 232 144 164 57 148 103 166 107 140 31 150 104 129 230 155 177 106 126 179 223 235 201 249 30 70 136 139 9 151 120 196 149 175 173 219 204 72 140 146 134 64 78 161 74 214 107 78 174 94 107 203 65 99 59 182 186 111 65 163 132 138 141 146 201 162 202 136 220 161 98 175 174 60 70 191 104 94 208 95 121 72 137 72 250 159 222 72 216 122 205 28 176 61 86 89 166 169 64 129
84 249 133 77 62 181 81 162 106 206 41 156 94 142 224 136 174 125 126 172 197 194 205 246 41 64 132 134 14 146 128 194 152 161 167 216 235 62 109 169 128 57 145 125 87 186 112 76 147 151 108 238 69 98 77 186 140 108 151 170 120 112 96 125 228 197 118 133 221 157 133 179 156 69 92 198 94 92 126 87 166 128 139 105 238 180 196 41 240 127 214 27 204 51 98 191 165 174 71 42
82 225 141 139 56 178 94 152 103 210 34 164 89 169 210 75 173 134 129 166 174 193 197 246 39 55 137 128 21 162 122 176 152 150 158 218 233 62 109 199 123 52 101 109 95 122 113 74 144 189 110 242 80 93 97 176 150 129 85 179 86 98 40 94 253 154 83 127 221 143 149 177 141 76 133 197 105 86 105 71 226 172 143 115 230 180 161 7 254 127 218 32 216 72 99 211 160 182 61 155
102 170 148 247 73 178 102 140 100 211 52 169 84 178 187 117 168 156 125 163 152 88 188 254 27 69 137 161 24 134 108 155 146 151 164 210 246 91 97 186 130 58 55 135 118 136 105 76 159 235 111 209 73 82 142 163 170 166 94 189 82 123 42 118 241 129 119 128 221 126 121 166 139 65 124 201 109 88 83 60 158 179 144 118 235 173 132 49 247 117 212 29 215 77 96 198 159 156 51 218
130 124 131 153 80 160 73 132 98 219 39 172 115 169 161 63 161 157 115 159 102 106 191 254 26 101 146 194 78 132 81 148 139 157 171 205 253 129 92 173 124 82 98 154 103 178 97 66 195 250 105 117 75 76 133 159 171 176 114 174 98 148 118 180 239 185 135 135 221 117 103 154 127 57 110 207 103 97 81 57 57 163 140 99 249 174 97 58 234 100 201 29 225 112 107 181 164 121 32 125
106 101 106 83 98 151 69 129 97 201 66 174 95 166 144 23 163 156 136 152 43 158 169 254 35 96 169 190 53 145 50 154 134 159 163 214 246 122 75 168 100 104 107 170 82 167 96 73 213 244 97 145 104 77 103 181 145 157 89 169 122 146 196 214 231 204 108 138 221 116 125 147 132 63 102 182 102 97 65 58 127 152 136 98 254 157 88 37 249 87 195 41 210 148 125 92 170 88 31 91
124 240 64 110 251 142 91 115 98 139 208 109 77 144 69 175 150 161 121 159 207 232 137 13 153 63 153 131 139 173 111 142 118 146 150 247 231 36 171 197 97 96 131 159 71 168 32 97 75 98 108 160 188 132 87 188 162 95 1 107 126 143 126 114 220 85 197 133 215 161 59 182 160 180 91 163 145 139 95 132 44 116 150 180 164 124 96 51 188 199 217 22 212 244 101 68 121 101 93 58
97 240 67 147 226 113 94 169 98 138 152 123 49 145 136 152 165 156 119 178 240 233 141 84 112 65 147 131 124 153 112 139 129 156 178 242 223 58 173 186 97 104 63 152 71 118 72 62 108 111 106 173 147 115 59 181 140 97 1 124 96 143 130 124 216 89 103 133 218 162 59 182 159 131 79 164 144 145 43 112 26 97 139 161 192 121 187 4 245 170 223 27 208 139 97 61 123 90 107 138
82 232 113 106 188 120 84 168 97 92 55 121 84 139 193 82 175 146 118 176 248 233 140 162 79 72 139 131 93 146 112 146 144 171 178 238 219 61 175 172 101 90 25 130 71 85 103 62 136 90 111 178 75 113 37 172 98 101 1 134 98 143 137 142 246 95 110 133 220 160 59 182 159 122 89 187 125 143 69 80 26 90 131 160 214 120 234 6 230 130 223 44 190 95 100 54 108 107 96 184
82 227 174 56 141 158 85 161 104 60 23 129 107 143 213 36 167 100 114 179 232 234 128 194 40 63 131 130 73 176 118 151 142 172 175 228 228 63 182 182 113 91 31 153 75 68 94 59 166 55 112 197 44 131 75 171 62 104 2 151 53 138 139 151 251 121 132 139 218 155 61 177 171 161 64 192 108 161 134 31 43 73 140 194 222 100 241 5 209 78 239 37 195 69 100 71 133 194 72 116
78 224 174 122 56 131 109 160 106 67 8 135 71 150 221 111 168 93 121 173 216 200 138 234 34 71 140 122 51 180 117 148 144 176 164 233 176 66 161 176 107 87 11 141 61 101 96 55 182 65 102 193 63 100 75 176 130 104 13 142 86 148 134 141 248 157 189 131 218 162 93 177 172 134 73 190 93 139 186 100 64 55 139 126 253 108 211 1 193 83 230 35 199 81 98 78 141 219 44 148
60 223 159 115 53 128 106 158 107 109 19 139 67 143 224 143 177 106 130 161 188 154 134 255 29 62 127 131 18 222 127 151 147 157 172 232 158 55 126 160 113 83 46 153 81 160 100 77 172 92 95 192 58 75 51 183 184 113 95 152 103 138 139 148 213 181 226 132 219 168 128 179 181 83 99 182 75 115 157 91 78 79 139 81 241 145 209 43 182 93 219 25 197 72 104 81 151 205 64 110
70 230 136 43 58 156 72 154 105 169 13 145 100 146 220 93 177 115 120 151 166 107 139 253 25 58 132 121 16 219 129 156 152 111 179 234 234 51 115 176 122 77 80 145 135 147 104 89 144 117 98 218 55 73 52 174 128 110 127 163 111 102 111 146 200 198 206 109 220 159 154 178 163 76 111 192 79 94 91 44 110 144 140 105 224 192 206 58 196 106 213 23 225 60 110 195 158 188 91 35
75 233 129 79 57 143 72 149 101 200 0 146 104 164 216 16 160 153 121 154 141 155 146 248 22 56 152 96 30 196 111 150 154 76 168 239 254 44 136 188 124 66 42 141 134 76 103 94 124 156 104 212 77 74 70 183 98 116 100 193 99 90 58 136 227 144 172 73 220 135 157 168 149 103 135 187 95 83 98 56 162 178 142 105 202 181 206 12 222 115 215 30 204 67 103 213 161 176 93 165
59 213 139 198 75 138 72 140 98 196 10 125 44 161 210 70 145 216 123 156 95 123 159 255 24 74 136 128 74 172 91 138 150 82 165 232 251 67 150 177 127 55 36 165 146 78 98 88 147 187 107 200 83 69 108 179 135 163 109 215 79 123 74 153 244 107 158 85 220 110 144 152 146 102 121 190 91 92 76 69 112 159 142 115 199 177 188 39 236 113 222 32 219 84 94 192 163 150 73 212
54 173 141 92 71 126 49 129 98 187 16 93 62 146 192 56 141 237 111 143 48 131 157 254 33 103 132 199 170 158 74 137 141 116 168 226 243 121 115 168 121 53 80 164 137 120 91 64 177 218 106 114 89 71 120 186 173 187 126 187 91 145 160 154 247 174 146 116 220 100 137 141 135 96 137 206 75 99 84 57 54 138 139 109 230 168 138 60 238 106 231 39 206 81 108 176 166 120 38 160
46 138 133 31 84 121 59 121 99 183 42 75 86 146 174 30 138 234 123 125 27 175 114 249 43 94 173 234 146 152 56 146 134 144 158 234 242 140 103 148 105 57 81 150 123 117 87 62 214 228 105 140 116 80 85 203 127 159 103 162 110 132 224 116 248 209 131 118 219 102 133 138 139 107 159 180 72 89 86 63 131 141 137 109 226 163 120 47 240 100 238 56 212 109 133 83 169 81 29 85
96 233 51 164 251 148 84 49 98 90 222 101 124 122 40 166 149 143 120 163 227 225 156 7 149 61 136 140 112 134 114 139 114 136 78 245 249 20 165 175 86 98 78 174 69 139 28 88 75 98 89 168 194 115 65 152 161 93 1 103 111 143 132 108 198 84 207 132 213 160 61 165 177 167 80 183 120 135 109 160 78 76 175 169 52 102 75 19 221 168 110 21 229 246 99 39 164 73 96 31
106 244 35 125 247 103 88 97 97 81 184 110 53 142 87 132 147 142 118 188 253 224 162 42 126 57 148 139 129 139 114 118 132 142 140 243 253 32 166 173 90 121 45 143 69 95 62 56 151 103 96 140 149 99 51 164 121 95 1 116 92 143 131 102 196 94 113 132 219 162 59 172 172 171 83 193 116 143 34 82 55 61 162 160 79 106 160 5 222 157 109 26 226 136 97 55 168 64 116 101
102 241 67 74 230 93 80 117 97 28 96 129 52 146 142 51 151 149 117 187 213 224 164 150 107 50 157 138 121 143 114 113 144 154 167 240 251 26 168 190 96 119 39 158 68 55 76 64 179 104 107 157 65 98 46 163 62 99 0 129 74 143 135 132 234 110 41 132 223 161 59 175 167 173 143 196 92 139 21 41 52 64 149 171 104 113 211 4 196 125 120 58 231 86 102 51 158 78 116 55
86 237 141 28 145 115 84 141 105 41 33 94 68 145 204 45 140 148 118 183 202 166 180 235 40 57 141 120 97 161 119 127 147 165 178 232 251 39 164 170 89 120 27 156 79 71 78 69 186 73 120 194 48 108 60 177 42 103 0 127 57 108 145 147 245 163 68 128 225 157 74 172 165 182 92 203 71 143 59 60 35 41 134 181 183 113 226 2 187 65 112 31 228 95 122 53 153 154 92 9
92 238 172 99 54 78 116 133 106 25 0 96 99 160 215 103 134 144 125 175 175 79 137 236 40 62 132 104 59 165 121 122 147 183 163 239 253 34 150 172 78 100 27 134 51 50 84 66 165 73 95 189 68 93 39 176 62 99 36 125 66 125 126 157 253 178 153 128 226 156 117 177 167 169 80 190 120 155 114 53 50 41 137 140 239 113 220 14 173 64 138 23 192 83 102 51 148 220 48 54
65 230 183 105 52 81 113 128 107 11 9 94 79 156 218 98 151 150 128 162 142 34 106 246 35 51 114 129 28 206 132 118 149 175 175 241 223 26 128 170 93 82 24 156 90 76 89 81 133 93 73 181 53 75 48 179 160 114 133 134 59 118 136 176 238 171 218 123 226 152 158 181 179 85 87 172 122 154 65 55 92 79 140 109 233 129 229 1 183 67 164 12 199 71 97 54 143 234 55 45
69 221 153 4 60 113 69 134 104 58 0 103 77 154 212 94 161 140 112 149 130 96 130 253 31 50 136 145 39 207 128 116 155 129 191 247 226 30 125 181 124 81 52 160 180 86 89 85 134 102 72 180 48 72 67 150 163 113 113 131 102 82 122 180 167 181 210 68 227 141 174 176 166 57 95 185 69 123 81 58 112 144 140 113 224 192 209 85 202 77 175 18 187 60 114 180 140 204 82 36
82 213 117 72 68 123 58 148 100 151 10 115 93 165 211 54 140 161 122 138 108 192 145 250 37 54 154 113 94 170 97 110 160 86 188 253 238 19 141 179 135 87 106 147 176 54 92 98 127 132 80 149 87 91 87 168 102 111 122 145 115 72 77 191 184 139 177 9 227 121 164 158 157 115 135 179 35 91 97 60 89 173 137 89 203 168 205 43 208 88 178 35 124 64 128 202 143 165 89 180
50 192 107 134 90 120 54 160 97 178 15 103 23 156 210 94 126 217 131 127 49 181 132 245 46 79 104 101 168 172 72 114 158 90 199 246 233 34 174 172 131 83 128 163 178 69 99 103 142 123 88 154 108 112 78 165 104 165 119 166 74 106 102 217 248 104 159 43 227 103 156 138 160 137 129 176 40 93 91 75 49 151 136 105 197 177 211 23 220 95 185 38 175 110 131 182 150 129 71 205
31 166 114 66 78 115 40 162 98 166 13 76 61 142 194 73 130 236 102 111 14 138 116 228 42 109 103 126 244 176 63 142 148 133 222 238 239 103 141 177 124 70 134 167 173 99 107 74 138 148 97 97 104 118 102 164 183 199 137 155 83 117 184 170 244 163 136 100 227 97 153 131 153 141 147 189 51 101 96 91 63 121 136 119 241 157 178 58 232 98 195 34 102 88 138 180 157 101 43 224
36 157 119 25 86 102 64 160 100 179 2 63 165 149 172 25 126 230 86 98 30 182 84 203 30 98 189 139 191 173 57 173 140 172 227 244 225 147 159 159 115 59 161 157 170 80 112 56 171 173 106 141 113 112 82 158 177 166 131 148 110 88 228 64 238 194 108 96 226 100 129 134 160 171 163 156 55 92 122 90 140 113 137 130 231 159 163 16 227 99 202 41 146 93 152 99 161 66 42 149
