121 12 147 46 166 113 94 254 127 103 71 36 66 217 73 157 134 252 53 127 120 173 231 166 238 80 63 142 130 97 241 47 175 119 176 124 175 55 191 230 89 178 103 154 92 159 88 76 106 241 193 195 63 234 113 57 154 136 174 98 65 108 254 87 113 210 9 51 69 96 85 127 159 252 48 245 16 113 16 4 165 125 38 203 230 205 86 89 22 84 67 138 246 54 151 194 63 100 52 35
82 9 147 47 170 81 83 255 126 128 77 39 61 183 89 178 134 252 56 118 125 172 242 152 238 91 66 145 126 83 242 85 174 114 204 112 171 93 184 228 73 188 116 144 85 152 71 78 108 242 190 204 31 240 122 60 174 162 134 103 84 108 254 96 103 208 24 88 125 93 98 123 157 253 79 244 29 116 25 7 165 127 37 221 231 201 81 92 28 89 83 119 243 48 163 195 62 105 49 30
76 6 147 45 176 93 86 252 127 106 39 41 78 168 101 138 134 252 59 102 132 171 249 140 240 87 76 142 117 62 243 128 174 125 92 105 164 86 141 227 53 186 138 124 74 147 66 86 102 242 187 201 38 241 128 62 188 174 117 96 114 109 255 85 106 208 32 97 108 107 129 134 156 251 96 245 79 117 28 3 165 129 36 226 231 205 81 87 46 93 115 124 236 80 153 196 63 111 50 32
63 12 146 52 171 126 62 255 117 99 83 41 84 198 105 72 127 246 54 127 134 172 251 165 246 93 74 144 122 33 244 125 173 126 17 116 159 62 100 236 34 189 136 140 51 135 66 87 111 252 185 197 23 239 149 59 187 195 143 92 136 109 251 79 122 207 31 97 97 203 192 130 156 254 91 222 91 119 42 5 166 130 35 166 237 213 75 83 59 96 133 138 214 88 157 148 56 106 66 48
82 23 147 45 172 103 35 255 127 144 71 49 70 216 77 148 136 253 60 129 152 175 221 191 237 93 56 144 122 39 242 95 176 106 12 114 164 63 56 227 100 165 147 129 63 135 48 91 105 238 181 201 28 243 147 62 193 211 164 112 141 109 253 95 135 203 29 104 108 243 224 128 155 252 136 183 70 120 68 15 166 130 36 100 234 215 67 80 42 89 133 138 209 83 155 129 82 108 50 26
70 23 147 46 177 166 52 251 127 175 73 61 64 207 53 163 152 253 70 122 155 172 224 192 248 97 68 145 116 65 239 74 178 120 13 92 166 65 56 224 134 124 134 127 79 149 38 95 104 243 181 206 35 224 143 65 185 222 189 105 139 111 254 106 130 199 21 138 104 198 210 125 155 216 188 157 43 122 78 20 166 130 36 47 231 207 66 76 21 73 108 113 173 80 148 141 89 110 55 44
104 20 146 44 183 171 49 253 120 134 52 70 71 185 53 171 165 230 81 109 148 155 250 168 237 104 124 146 97 92 238 79 170 169 19 95 161 62 67 232 124 104 153 134 88 170 62 98 96 245 187 206 61 236 144 64 183 217 194 128 90 114 254 99 158 197 12 194 61 129 174 126 155 156 215 156 132 123 74 11 166 130 35 50 233 181 74 78 11 77 104 113 128 79 152 74 76 110 62 94
107 28 146 35 183 69 83 255 126 95 34 70 78 194 64 178 158 188 88 117 106 131 250 169 238 108 143 147 86 88 239 89 151 160 33 112 153 57 81 238 96 117 154 132 89 188 114 99 81 211 192 203 229 239 150 61 200 201 215 132 63 111 254 84 110 197 8 232 79 116 163 132 153 110 208 162 161 125 84 11 166 131 34 154 241 191 103 92 10 92 128 126 100 79 168 53 73 110 55 85
41 30 144 37 173 22 106 244 137 117 41 61 79 214 68 173 139 138 85 146 60 114 252 183 241 112 129 147 103 66 239 87 133 135 71 122 151 63 116 237 86 126 138 120 87 208 159 100 82 171 191 200 255 235 153 61 205 180 218 106 59 107 252 71 91 199 13 241 46 131 191 136 150 95 170 172 103 125 101 31 166 132 34 222 236 214 106 103 12 82 121 127 98 86 178 31 78 111 64 80
23 28 143 44 155 30 127 235 129 147 43 49 88 218 65 159 127 84 72 143 60 111 252 156 198 116 133 147 116 65 239 80 127 163 117 145 156 62 117 237 99 134 160 114 85 214 169 101 92 186 188 200 252 238 144 63 197 152 174 64 65 108 246 64 75 200 17 242 41 159 228 130 144 100 113 175 77 126 118 40 166 133 37 220 206 226 87 94 11 70 107 133 148 109 187 34 75 113 76 87
35 33 142 41 141 24 109 244 110 163 47 40 100 211 62 175 126 47 61 108 64 115 246 106 201 119 130 146 107 80 237 78 130 179 141 162 162 49 89 240 94 153 156 119 85 203 159 102 94 230 188 202 253 195 132 66 197 129 146 52 43 113 240 60 72 200 19 248 28 178 230 119 139 107 69 168 55 126 133 24 166 134 39 204 173 206 106 77 10 82 127 134 221 133 204 52 71 114 65 102
115 10 147 42 159 85 116 250 125 120 62 47 65 201 80 163 134 252 57 116 133 174 223 147 234 86 70 151 132 73 240 33 175 100 184 103 168 72 198 231 56 136 101 154 98 170 85 71 90 240 192 196 66 245 125 59 48 169 213 99 74 108 189 65 119 206 23 42 76 104 85 84 159 251 74 241 42 115 26 6 162 124 33 220 229 158 103 80 30 59 87 132 244 17 178 194 61 103 58 44
90 12 148 44 165 93 96 255 123 134 79 42 73 184 93 177 134 252 61 131 138 172 238 137 234 78 91 146 129 67 242 60 174 126 143 102 156 118 188 232 30 140 123 134 93 162 76 81 84 241 191 209 57 234 131 61 99 198 193 90 78 109 218 62 112 203 65 71 128 100 93 71 157 253 83 226 29 118 26 8 163 127 32 245 231 161 97 85 58 65 95 113 235 9 148 195 59 103 58 35
92 13 148 47 176 111 118 248 124 97 64 43 85 206 102 141 134 251 64 131 146 171 242 125 236 80 102 141 115 83 243 89 174 144 29 106 149 102 119 234 12 179 155 99 83 157 92 96 83 241 190 207 57 213 134 62 147 196 186 91 97 109 247 61 116 203 85 84 102 136 109 76 156 250 73 213 51 120 27 3 163 129 32 241 231 171 89 80 96 82 118 124 217 38 140 196 58 103 59 37
107 10 147 51 171 132 110 255 126 104 74 42 91 203 112 43 137 252 62 115 138 171 244 166 234 74 76 142 118 52 245 78 179 135 15 89 154 72 131 237 32 219 153 94 59 145 92 97 97 245 185 210 27 206 143 59 174 212 196 99 121 112 250 64 109 202 107 97 62 206 170 96 157 254 102 169 27 124 33 4 164 131 32 205 226 184 87 75 78 102 127 130 197 63 158 152 63 105 59 41
106 22 147 42 170 113 64 255 126 168 87 42 67 197 88 82 142 253 64 127 144 174 165 184 224 77 62 143 104 38 243 60 166 135 18 81 161 84 98 229 130 221 144 87 71 146 91 102 99 234 175 214 33 243 133 64 201 212 208 108 131 110 253 69 117 198 95 122 109 235 213 94 155 249 109 147 65 124 72 21 163 130 35 101 230 178 79 76 54 90 142 136 188 74 170 99 69 106 44 35
95 22 147 42 172 137 51 255 127 184 126 50 55 194 71 133 155 244 70 121 141 168 179 182 238 88 71 144 92 48 241 56 149 130 17 75 165 82 83 229 186 145 149 82 86 161 62 109 102 245 170 217 59 233 120 67 194 206 222 111 161 114 254 67 116 193 61 161 80 141 213 95 153 192 133 154 45 126 88 21 163 130 39 42 232 191 66 74 25 84 126 106 169 86 173 114 87 108 40 61
133 19 147 42 177 112 82 254 128 154 119 63 68 204 73 175 164 203 78 106 136 142 237 161 232 98 120 144 82 72 241 76 130 168 14 72 157 74 101 238 164 66 170 83 97 182 31 113 94 232 177 216 69 235 113 66 190 188 220 136 94 116 254 61 159 191 19 202 65 38 168 106 151 134 174 178 76 128 78 14 163 130 40 51 229 206 63 75 16 92 131 111 149 88 174 57 95 108 40 114
120 26 146 36 177 54 110 255 128 130 90 65 84 215 75 170 153 153 82 120 102 108 239 159 228 102 126 145 84 76 242 92 111 142 17 97 146 79 104 241 85 64 158 83 100 199 53 113 84 168 187 212 219 239 117 63 213 159 223 140 62 108 250 63 115 192 9 231 68 30 172 124 149 122 208 177 153 129 84 25 163 131 39 169 220 195 96 85 20 95 172 128 145 83 181 38 86 108 43 111
43 30 145 41 162 40 117 239 125 136 74 55 89 211 65 179 130 109 77 152 71 87 250 162 208 112 117 145 109 69 243 88 100 103 29 122 143 80 121 235 40 71 127 80 97 215 119 111 91 143 191 210 254 239 122 61 207 130 202 122 62 105 231 71 108 194 34 245 50 71 204 136 145 115 212 165 121 130 102 39 163 133 38 240 191 213 106 96 14 86 176 121 161 84 173 22 77 109 49 139
23 28 144 47 136 31 133 225 122 155 45 49 95 217 53 164 117 69 67 147 79 86 251 126 151 120 151 144 127 75 243 77 103 133 70 124 154 71 149 233 76 67 133 78 93 212 156 108 97 186 189 212 240 219 118 64 191 110 158 61 51 128 209 68 103 195 68 248 40 134 216 131 140 103 183 168 91 130 111 38 163 134 37 220 137 212 87 91 6 82 161 124 191 95 150 40 75 111 51 160
29 32 143 42 116 20 135 230 122 152 36 50 106 239 49 175 118 41 59 113 80 94 231 73 131 118 165 144 122 87 243 73 113 112 119 136 165 64 126 237 105 86 158 78 90 192 152 107 88 228 187 215 255 131 109 67 205 102 154 58 37 159 194 58 109 196 86 247 32 177 236 119 136 108 153 178 110 130 113 32 164 136 38 175 89 189 107 77 9 89 176 122 217 109 136 48 71 114 56 171
121 5 148 33 157 113 123 254 120 132 68 52 70 200 78 218 134 252 62 113 143 174 221 141 241 96 74 158 119 58 239 50 175 136 185 105 156 69 159 237 69 95 107 158 105 170 82 92 100 239 188 195 47 246 120 61 17 198 188 105 96 108 112 70 130 206 39 39 73 102 89 55 158 244 151 235 45 117 27 7 161 123 31 235 229 107 121 77 45 44 102 118 243 20 157 194 58 115 58 61
109 13 148 36 164 139 87 255 120 137 107 55 91 182 88 144 134 252 67 105 148 173 241 131 241 78 93 145 118 31 242 53 174 155 87 140 140 93 191 242 50 77 136 128 101 161 78 104 89 240 189 208 113 214 116 61 5 219 170 95 83 109 111 74 121 203 104 55 81 111 90 33 157 249 162 205 37 120 24 8 161 126 31 236 231 117 116 82 90 52 100 108 219 26 94 195 54 109 62 50
116 19 148 44 177 121 119 252 124 89 122 66 98 163 95 118 134 252 70 96 156 172 244 116 243 88 92 138 108 61 244 59 174 140 2 94 134 53 149 246 65 151 173 96 92 155 115 121 95 240 189 202 135 170 114 61 27 201 167 106 83 109 127 90 123 202 135 66 63 174 89 32 155 245 147 181 54 122 25 2 162 128 32 248 232 133 102 77 142 80 115 133 185 18 98 196 52 103 59 52
141 10 147 51 184 102 146 252 130 119 162 57 92 152 96 45 139 252 82 92 137 170 176 152 249 78 81 140 104 89 245 65 177 133 13 59 150 73 156 247 102 142 159 63 66 157 116 128 103 239 183 204 58 137 110 61 145 187 161 100 89 111 145 83 121 202 118 97 74 210 135 53 159 247 102 140 22 127 46 4 162 131 39 217 227 140 92 75 105 97 107 123 168 31 148 149 64 104 47 74
127 23 148 40 177 118 132 254 120 199 147 59 63 196 79 38 138 245 75 117 138 174 112 143 230 81 78 141 89 66 244 44 139 147 16 27 158 93 115 236 166 198 127 69 77 157 108 128 96 234 168 208 31 218 101 66 203 174 181 102 102 108 151 83 113 198 128 136 131 204 189 49 156 247 95 172 62 127 84 25 162 130 45 104 235 129 83 80 79 93 142 136 150 51 162 54 56 105 47 97
112 22 148 39 170 121 115 252 123 203 170 70 50 218 72 114 144 211 68 116 134 165 159 138 242 92 85 142 83 46 242 36 98 129 11 46 161 89 72 233 205 145 154 70 93 171 96 126 89 246 159 211 45 234 89 70 212 164 217 109 157 112 155 85 102 193 116 173 67 89 199 51 152 186 103 189 86 129 92 21 161 130 53 62 229 154 60 81 46 103 140 111 153 77 154 72 87 107 32 114
144 17 147 40 171 61 155 254 135 171 176 80 71 212 80 181 148 154 62 93 135 134 226 141 239 97 121 142 86 37 242 52 78 171 17 86 151 81 87 238 214 52 169 67 107 190 75 123 82 211 166 209 121 232 84 69 205 155 240 131 85 117 152 99 155 190 84 192 74 10 148 69 149 127 137 171 60 131 73 17 161 130 58 81 201 194 48 80 37 111 142 120 165 96 140 36 119 107 24 118
118 24 146 38 170 24 139 252 129 147 182 74 95 218 81 160 138 103 56 100 110 94 200 139 242 97 119 143 94 43 244 68 80 157 24 119 137 94 77 239 170 49 144 71 112 204 47 121 88 127 179 205 235 230 92 65 220 133 242 142 54 113 134 128 116 191 72 212 50 21 171 100 146 123 177 162 99 132 80 36 161 131 58 193 164 161 82 86 40 100 178 136 161 105 152 24 104 107 51 88
37 27 145 44 157 28 125 226 114 135 184 60 100 231 65 179 122 72 47 135 86 70 204 115 219 107 109 143 107 69 246 69 92 115 9 112 135 95 78 233 116 62 101 81 111 214 42 122 110 115 186 204 252 234 104 64 198 110 198 146 61 123 102 153 115 193 92 239 41 52 217 125 142 105 204 185 123 133 108 46 161 133 56 249 124 170 96 94 25 87 183 116 165 104 168 27 78 108 67 140
17 25 144 49 133 18 115 205 119 148 138 63 100 227 49 165 120 54 40 145 94 71 246 77 158 114 129 142 110 92 247 71 106 111 12 88 149 81 127 234 109 58 88 82 106 205 79 125 114 175 186 207 254 202 109 66 178 111 145 83 51 175 67 154 117 195 113 251 31 120 207 130 137 71 213 185 143 133 122 39 162 135 54 226 80 174 80 92 12 81 174 106 198 96 163 68 71 111 69 171
15 28 143 43 112 27 109 208 139 139 107 78 104 218 44 165 129 42 36 126 88 82 235 47 125 107 115 142 95 94 246 78 118 19 45 121 165 79 116 242 98 78 144 76 102 179 126 127 92 209 184 211 255 86 106 70 209 126 153 87 53 233 44 142 133 195 118 248 45 184 225 122 133 69 213 153 166 133 121 40 162 137 52 175 45 165 100 84 18 75 196 95 232 88 151 65 67 113 98 164
120 8 150 40 172 133 127 250 114 138 52 33 82 181 78 213 122 248 68 113 150 174 195 134 239 90 111 193 107 45 245 61 178 64 149 139 138 56 151 239 111 69 132 145 109 161 106 109 92 245 187 198 127 178 101 60 36 204 138 110 97 108 145 46 147 204 91 52 52 89 85 48 158 159 97 230 43 97 91 12 159 123 68 232 228 83 112 73 66 25 92 134 226 30 167 197 62 161 54 101
113 11 150 40 177 166 79 255 126 115 94 59 91 167 82 199 131 250 68 112 166 174 221 141 243 99 96 170 109 29 245 61 173 56 69 134 120 61 174 242 124 58 152 151 105 157 76 106 100 232 196 197 145 148 91 64 24 217 130 111 84 106 73 61 146 194 98 47 95 119 89 34 157 191 127 212 80 122 40 7 159 126 122 234 229 83 111 75 94 70 118 110 193 20 108 195 59 116 45 128
121 14 143 38 178 148 109 252 131 66 83 74 101 162 88 77 136 253 68 102 169 173 172 115 241 80 110 134 106 49 240 89 166 71 4 118 109 65 183 235 128 76 153 81 98 156 123 113 105 238 185 194 193 101 85 66 53 190 133 97 88 116 74 61 140 207 114 75 76 169 93 40 156 227 162 174 59 131 32 6 158 126 137 234 230 84 94 77 135 102 119 115 164 17 40 191 50 103 36 145
138 14 147 49 179 121 119 255 115 165 81 92 92 217 75 33 119 254 89 106 152 167 75 126 253 75 79 141 96 54 244 89 171 50 40 64 134 107 159 236 153 102 138 103 88 151 121 151 102 243 192 196 141 112 75 66 133 145 161 92 97 113 66 79 138 195 114 98 105 203 121 71 153 242 141 171 37 136 58 2 164 134 153 202 232 102 74 71 101 86 118 148 162 30 122 161 56 108 32 154
130 11 146 39 182 130 125 251 122 176 73 73 51 219 70 47 128 225 111 112 139 186 152 121 232 76 57 132 88 89 240 78 152 58 25 58 162 130 113 234 195 171 150 90 83 175 125 154 109 233 175 205 48 150 67 70 101 142 188 100 100 109 56 77 134 191 93 129 106 188 200 67 151 248 111 177 68 134 80 18 156 137 148 127 237 107 80 76 103 82 148 147 156 60 170 48 67 97 40 147
110 10 146 51 169 80 123 249 115 193 71 63 67 221 28 85 123 171 70 122 149 157 174 124 237 88 59 133 94 81 234 66 113 76 17 69 155 77 101 234 171 130 162 78 92 174 116 147 89 237 162 211 30 217 75 88 153 134 231 108 130 125 39 76 138 201 110 149 71 73 188 56 149 211 73 172 109 133 80 38 153 136 179 99 223 127 47 84 73 79 155 143 154 94 163 23 75 104 27 144
134 16 148 44 162 36 148 255 118 152 76 77 83 223 43 161 137 119 54 114 110 108 169 133 252 96 98 145 110 83 241 75 87 98 14 90 131 49 41 235 136 59 158 65 104 195 96 136 85 236 162 207 158 251 91 87 127 129 248 98 139 114 40 84 144 175 99 169 66 11 140 60 147 143 82 177 63 133 76 39 160 129 168 99 178 167 44 95 114 83 162 137 156 121 135 41 101 109 26 140
127 26 149 43 167 28 168 244 132 128 103 100 92 224 104 178 122 87 23 89 77 96 163 127 239 95 114 149 116 55 251 107 89 108 10 95 128 80 14 237 131 53 129 68 110 206 87 136 82 129 166 202 248 224 111 65 154 125 224 168 94 108 56 106 136 194 108 205 34 27 170 88 146 172 128 172 95 134 93 36 163 126 165 166 120 148 85 102 108 95 189 130 154 130 149 22 131 97 47 123
54 32 148 61 148 15 147 220 128 149 167 122 111 223 79 174 125 70 13 107 92 94 143 100 208 101 110 142 109 76 250 129 101 94 15 98 121 79 11 238 123 62 68 110 119 199 88 146 108 145 171 203 254 208 116 66 160 106 195 162 53 189 64 130 121 192 108 225 43 86 200 111 144 123 155 172 120 135 106 45 160 129 178 218 75 119 78 103 58 100 188 127 161 111 152 20 120 101 53 114
30 30 148 58 120 33 119 210 129 136 129 146 107 221 38 153 116 51 14 139 88 73 144 71 172 105 118 140 106 109 240 112 119 59 17 110 122 71 39 237 112 78 106 80 123 199 78 151 125 172 183 205 254 185 116 75 70 118 178 100 44 252 60 141 124 189 115 235 47 169 189 123 141 65 172 176 171 135 116 42 158 134 162 230 55 144 51 99 19 86 171 129 187 91 140 66 88 106 78 136
38 26 148 57 117 62 123 217 153 120 130 165 112 220 74 175 130 34 33 120 84 56 157 55 139 98 119 146 109 133 244 80 143 31 8 114 154 82 82 236 98 99 142 92 114 165 59 146 77 179 196 206 244 118 143 63 151 124 167 83 41 251 62 139 140 194 126 252 34 185 191 133 138 108 201 152 173 135 135 21 159 136 155 186 52 146 69 95 37 66 173 133 215 91 152 106 80 94 136 169
100 8 153 31 169 183 103 252 138 156 38 27 89 186 78 228 131 255 75 116 150 174 206 131 229 91 171 198 94 59 240 87 170 25 89 131 126 77 160 239 87 59 132 138 109 162 135 115 86 237 180 199 173 82 98 60 37 190 158 114 93 112 192 27 144 193 113 51 84 83 82 62 157 90 116 213 52 105 182 7 158 124 195 231 227 73 101 71 83 42 79 145 210 45 180 189 101 170 51 162
109 14 156 49 172 213 81 252 138 95 55 45 94 186 78 228 139 254 75 127 191 174 190 132 236 102 160 182 108 43 247 88 170 12 56 129 114 89 171 246 105 52 123 113 108 161 94 111 96 230 185 203 183 88 92 62 30 141 186 112 82 109 120 23 143 189 136 49 95 121 85 49 156 104 83 196 100 123 134 4 158 127 183 241 229 75 90 72 55 84 101 121 171 26 153 196 79 126 49 195
130 19 154 65 172 215 118 251 131 116 37 59 97 225 79 171 132 247 75 121 173 173 111 110 238 82 84 154 131 37 251 87 168 2 29 119 108 95 155 240 164 75 101 106 103 162 100 117 106 237 178 201 200 62 89 63 54 99 207 110 87 116 92 13 138 198 123 77 46 160 89 55 156 122 53 169 87 121 59 6 158 127 186 227 230 79 73 74 100 113 103 121 139 20 129 200 48 95 48 190
122 27 151 53 173 142 131 242 121 166 32 49 79 221 74 37 123 230 82 96 153 170 87 117 237 79 60 142 120 62 250 97 178 4 46 68 121 107 147 245 187 147 140 140 103 178 120 146 102 241 188 189 208 82 89 63 60 99 228 123 102 102 69 18 137 204 115 101 134 162 141 77 152 168 120 175 35 127 81 12 160 128 187 177 218 82 34 77 115 84 131 144 151 38 154 144 55 94 48 198
123 22 151 41 172 129 103 250 127 138 37 54 58 223 56 36 121 164 123 101 156 182 157 127 244 76 56 146 112 92 242 97 168 2 24 50 157 135 159 239 163 192 170 121 99 172 118 155 100 237 178 192 167 82 87 75 43 153 236 120 102 132 33 21 132 199 126 117 101 173 203 82 150 210 151 181 64 129 89 32 156 130 217 127 229 96 53 82 82 72 125 149 140 94 179 49 63 96 52 184
120 18 154 47 165 41 83 255 121 131 33 71 86 226 33 55 84 105 114 125 140 147 170 129 237 84 80 149 121 84 229 92 131 3 18 63 152 103 118 233 104 135 168 84 105 198 108 158 80 231 168 196 126 109 86 96 74 165 254 118 129 109 51 33 136 177 104 133 55 105 172 76 148 206 159 170 94 133 87 34 155 127 207 108 205 120 63 89 98 57 144 148 130 141 183 32 66 105 45 168
124 18 154 52 164 12 133 255 119 114 64 103 103 229 44 174 79 87 76 129 79 98 161 113 241 92 121 146 130 87 232 101 102 7 23 92 127 82 25 233 58 61 163 72 111 196 98 150 80 225 165 198 166 152 101 91 58 161 255 87 141 121 81 52 141 174 77 153 60 66 133 76 147 174 140 175 74 138 81 44 158 123 223 78 151 148 66 94 114 53 176 139 124 146 180 42 69 109 51 158
75 23 147 53 167 21 174 233 127 121 101 146 109 230 71 170 98 76 46 93 46 90 162 87 251 93 128 137 118 66 246 124 103 10 16 106 105 88 12 236 24 52 122 58 109 182 99 147 93 141 167 199 236 182 111 66 64 133 243 120 109 210 49 65 133 188 99 182 47 84 166 98 146 182 117 160 94 141 85 35 160 126 186 86 101 121 67 98 93 64 181 131 122 121 182 23 78 104 60 147
55 26 138 57 153 77 123 203 123 145 123 181 123 230 60 153 95 50 52 89 74 87 147 65 226 98 113 135 105 82 245 131 107 9 12 96 96 73 45 237 16 53 111 76 111 211 105 153 124 162 172 201 254 207 110 63 73 101 226 169 77 242 69 70 121 205 93 201 44 129 159 118 144 125 94 167 82 142 99 15 159 137 184 126 64 97 58 103 109 77 149 131 136 92 163 50 89 106 43 138
65 27 138 54 129 134 124 205 125 121 107 195 117 229 47 192 76 27 51 129 99 62 130 51 144 101 112 148 108 107 241 125 122 3 18 85 126 67 82 232 53 60 108 71 113 195 101 156 131 171 178 205 254 195 131 72 35 94 205 163 69 227 102 72 126 209 110 213 31 172 140 130 140 76 96 179 115 140 122 20 157 149 122 190 45 132 50 109 82 74 101 134 173 91 151 65 115 113 54 138
44 25 146 52 118 194 167 226 148 95 102 196 119 229 64 166 96 23 43 150 105 42 116 44 75 92 112 163 113 123 248 122 153 0 22 102 166 78 55 226 83 75 136 76 105 119 91 153 71 160 185 209 250 139 162 65 71 114 181 138 64 251 94 76 143 217 117 224 32 144 188 139 137 114 123 169 158 139 143 17 157 155 76 203 48 150 55 113 80 63 64 135 209 113 172 161 147 113 107 144
94 2 146 58 170 175 101 254 140 171 51 29 100 178 81 221 139 252 76 121 148 174 205 133 245 82 191 199 89 81 234 104 160 33 89 116 116 106 126 235 67 68 131 170 107 175 171 114 87 230 172 181 205 66 96 63 37 184 228 101 92 113 238 58 140 195 70 47 128 132 81 78 156 57 140 193 45 124 185 5 156 124 76 207 227 65 126 77 118 54 87 143 186 102 192 192 121 197 67 156
96 7 148 66 172 176 86 250 131 80 54 36 101 192 76 231 149 248 76 134 195 174 174 130 252 98 199 193 109 67 234 102 162 32 55 128 113 120 141 239 53 66 103 118 109 177 142 106 92 231 183 188 227 59 94 62 33 98 245 97 84 111 165 30 140 200 136 47 129 153 83 67 155 74 115 178 90 135 175 3 156 125 44 199 228 71 100 78 35 86 106 122 145 65 180 188 93 162 63 186
105 12 154 69 171 180 116 254 119 170 34 51 95 234 72 230 137 233 75 124 169 173 92 109 249 80 120 179 153 35 236 96 165 18 27 143 115 126 116 231 108 92 71 156 108 179 121 106 96 238 191 187 241 70 96 61 42 55 252 115 93 116 104 10 137 193 145 74 90 158 86 71 154 91 88 169 87 132 103 8 156 126 53 191 229 78 82 81 72 108 112 118 125 47 184 185 60 112 64 176
114 29 146 56 174 152 111 241 118 129 37 45 72 225 60 162 142 199 75 87 130 173 84 91 235 75 73 140 116 54 236 88 163 11 44 128 128 122 149 219 134 142 129 176 108 197 126 131 103 232 194 199 242 85 107 72 50 70 246 110 112 117 67 5 138 184 96 97 121 125 157 80 151 113 81 167 47 139 94 19 156 123 39 159 230 84 63 83 142 90 134 136 147 82 173 136 58 115 67 183
117 26 146 54 166 135 72 250 136 80 51 68 71 225 33 21 157 170 106 87 159 177 137 104 248 70 80 144 114 81 230 94 164 13 21 101 144 138 183 228 116 167 166 119 104 180 115 147 98 239 190 196 252 77 105 91 52 177 243 108 116 115 60 7 135 184 138 101 81 162 197 95 149 186 119 174 84 140 86 47 158 125 77 142 233 87 38 87 115 82 127 147 134 127 164 53 58 109 62 196
125 22 151 50 167 59 38 254 135 74 45 99 99 223 32 54 116 129 131 114 128 135 143 102 236 77 97 145 132 82 222 93 130 14 21 98 125 123 120 238 64 107 159 55 112 208 106 158 84 230 182 200 239 78 78 111 57 170 245 130 138 126 73 13 138 151 100 122 40 143 156 95 147 201 156 162 86 143 92 46 157 125 118 144 177 111 55 90 152 70 150 149 117 154 171 31 62 99 54 201
165 20 153 59 173 95 112 246 118 103 88 134 111 221 51 161 93 95 88 136 69 87 150 76 215 87 108 141 136 96 231 101 103 14 34 105 118 115 26 241 14 52 142 59 117 192 107 158 77 225 172 208 217 90 77 100 53 177 247 124 148 183 105 40 141 166 66 147 39 125 134 91 146 195 167 183 77 145 91 59 155 126 196 106 105 137 87 90 143 63 154 138 99 142 192 24 56 106 63 188
113 22 140 53 171 142 198 209 105 138 147 174 114 217 60 161 169 71 62 126 48 81 182 52 177 90 116 139 112 89 246 108 108 12 25 134 105 104 20 232 5 53 126 47 113 182 116 156 100 172 169 210 237 108 65 70 46 137 249 107 128 246 73 50 132 174 99 165 45 135 171 107 145 160 143 167 103 146 77 51 155 136 110 63 76 100 85 90 111 67 112 133 86 115 190 25 51 125 66 168
89 27 125 36 165 211 130 177 109 149 133 201 130 212 70 169 209 49 70 111 72 76 194 46 97 98 131 150 105 99 244 88 107 11 12 128 96 77 47 213 12 50 141 50 116 204 122 160 146 183 170 206 203 118 63 64 57 94 249 161 117 248 78 45 120 192 91 186 48 164 132 127 143 99 97 175 108 146 87 12 158 157 50 78 58 63 75 97 125 77 83 139 92 93 161 101 84 124 44 155
104 33 130 37 149 206 134 181 145 111 143 195 132 208 70 163 208 26 81 109 106 47 177 46 47 103 132 169 115 112 240 83 120 13 15 81 120 70 80 193 71 50 118 71 119 155 119 162 166 156 169 210 124 104 128 72 66 66 223 180 133 225 93 57 127 163 112 205 27 159 110 136 139 79 76 172 108 145 115 11 158 176 29 167 46 108 82 110 93 83 68 138 125 92 151 74 150 103 59 145
136 36 146 37 127 208 159 204 193 80 128 174 134 205 53 160 217 12 72 111 108 25 143 43 67 97 115 185 113 114 249 110 161 15 24 84 121 67 27 180 89 59 124 87 113 94 114 159 114 122 165 219 109 84 176 70 60 79 181 155 150 227 115 81 144 145 113 212 39 77 194 142 137 123 89 157 125 144 126 22 155 186 17 214 56 162 86 120 112 84 38 131 159 106 166 172 200 88 116 138
73 3 137 74 173 159 117 254 107 157 69 33 108 163 86 190 124 242 78 132 172 174 184 129 243 76 200 193 94 77 251 99 153 19 102 105 112 153 85 230 78 81 128 174 111 196 176 118 90 213 189 150 214 111 74 71 31 187 254 80 96 114 248 80 138 193 7 40 123 168 99 86 154 116 120 176 44 111 141 5 154 123 3 197 226 62 124 89 133 68 85 129 157 86 217 174 120 191 88 106
74 7 142 66 171 157 90 240 105 90 72 34 109 177 78 218 142 228 78 137 186 174 166 127 238 98 196 197 101 76 246 89 153 5 71 117 115 150 110 228 42 79 109 127 115 197 179 104 86 214 184 160 235 44 80 68 29 112 251 79 94 113 172 36 140 193 86 38 126 159 100 74 153 137 139 163 74 117 155 6 154 121 9 194 228 72 83 91 51 89 101 116 124 53 194 153 90 165 79 129
76 11 156 52 166 153 115 238 104 190 50 48 96 216 69 228 144 215 77 120 170 173 108 106 225 88 195 196 137 42 226 109 156 2 36 143 122 138 99 218 47 102 96 140 117 198 164 98 81 215 181 163 250 76 88 66 25 72 241 109 105 118 101 15 141 166 139 61 116 135 102 76 153 151 154 173 69 126 144 13 153 121 1 204 228 81 74 94 63 98 112 115 127 61 186 137 55 113 79 134
96 30 147 53 177 151 72 238 119 110 26 65 72 226 48 222 151 198 71 83 145 172 112 73 242 75 195 156 92 42 241 97 150 0 33 182 131 131 130 201 51 97 137 157 112 202 145 118 88 224 189 163 248 82 71 86 19 92 247 117 113 118 67 13 138 181 80 88 85 122 152 84 150 189 93 181 73 140 105 14 152 126 2 155 235 73 84 83 129 84 106 131 139 119 195 104 60 96 75 131
171 32 139 64 163 183 82 231 129 61 39 91 88 223 27 121 166 202 64 88 168 174 127 68 244 69 193 141 105 68 233 97 153 1 18 170 133 125 161 218 68 115 156 69 107 206 127 132 90 228 192 160 239 89 82 105 29 213 248 106 117 122 83 9 138 182 112 92 67 165 172 102 148 234 88 172 97 140 77 57 157 131 0 151 233 58 46 85 135 79 140 143 134 145 166 49 52 108 73 168
158 35 135 53 169 167 56 222 126 65 37 126 112 219 27 24 159 190 104 111 116 132 112 57 208 75 174 135 130 80 222 96 121 6 23 139 110 114 117 232 46 71 145 24 113 204 115 147 87 211 186 166 231 92 55 115 23 134 252 124 137 187 94 18 142 160 113 119 43 168 143 104 146 215 118 145 86 139 82 77 158 138 25 158 157 79 37 86 113 73 162 143 123 147 166 41 61 115 68 199
158 37 130 53 176 195 100 213 112 118 59 159 119 214 46 91 147 162 85 130 74 85 127 47 149 83 126 148 129 103 220 110 99 8 36 85 118 122 30 224 33 44 120 35 121 198 121 153 63 207 173 178 227 81 57 96 26 164 251 140 159 234 120 51 143 111 88 137 20 150 138 100 145 220 172 171 98 139 85 67 153 146 107 146 76 112 62 85 122 70 128 134 102 122 184 30 65 139 70 201
148 42 109 44 171 192 193 197 110 151 142 182 121 206 66 173 211 138 69 150 70 76 171 45 113 81 119 166 112 111 222 112 110 6 30 98 109 114 18 197 55 58 145 41 122 208 129 158 84 178 168 179 247 79 37 70 36 137 253 87 166 229 95 58 131 83 106 133 27 149 174 118 144 179 180 163 108 140 63 70 153 162 117 112 62 82 85 85 138 78 73 137 77 103 182 46 60 167 66 190
174 50 86 25 173 211 142 182 138 139 133 187 128 199 82 175 231 124 65 150 79 65 190 48 99 86 153 177 124 114 211 74 109 2 20 119 90 93 28 167 97 53 127 41 128 168 128 162 141 175 170 174 187 74 45 63 42 91 252 97 170 244 95 46 120 98 101 148 43 171 152 140 142 137 133 180 131 142 80 53 157 185 43 126 56 38 103 89 103 95 63 147 65 92 176 142 90 139 50 180
151 61 87 29 164 206 158 181 193 107 147 169 125 193 67 177 234 106 104 115 105 36 173 49 99 96 133 184 133 119 210 57 120 1 18 86 91 84 45 148 135 50 122 48 131 105 121 162 186 132 167 183 57 72 150 68 47 60 217 124 183 223 87 59 125 66 110 178 27 137 143 147 138 133 104 176 121 146 117 23 158 204 19 206 41 85 117 98 75 114 68 140 78 86 176 125 139 74 64 164
173 69 103 31 136 216 145 188 240 90 125 146 119 190 28 172 229 88 132 92 103 19 136 45 107 96 80 188 110 109 227 90 164 1 17 96 54 65 7 141 132 57 102 72 124 113 119 158 157 100 159 201 16 97 209 68 38 36 161 146 197 138 105 91 140 64 108 188 35 24 211 149 135 163 116 162 106 149 120 32 154 213 26 246 51 170 119 106 113 127 53 121 97 88 172 173 161 36 108 146
60 29 112 47 175 158 128 198 110 127 67 36 113 122 89 154 93 199 72 142 190 174 159 119 234 81 152 188 102 65 214 103 140 20 76 99 112 177 80 232 77 75 120 172 120 210 165 133 81 181 225 142 226 136 53 79 20 162 230 80 107 116 230 78 128 156 25 30 189 155 118 84 153 213 102 155 62 84 148 8 152 119 14 214 225 60 89 93 124 67 81 119 140 96 248 70 146 197 98 85
71 35 120 46 170 177 94 161 120 131 65 34 114 134 79 220 116 180 70 146 165 174 155 124 246 100 107 200 90 80 193 89 137 8 56 84 117 172 102 232 70 69 124 176 123 206 178 119 82 167 203 146 221 55 71 76 25 120 233 84 107 111 151 33 132 155 56 24 184 138 118 71 152 224 111 144 87 84 140 12 151 118 32 200 227 67 52 91 100 92 93 117 112 56 223 64 104 188 100 89
84 39 136 47 162 158 125 162 129 191 36 44 98 198 66 223 139 179 69 127 155 173 119 104 247 97 118 207 104 67 184 115 138 20 27 90 122 153 113 224 57 87 146 148 127 203 174 110 82 157 180 144 215 69 84 74 25 82 235 106 121 116 99 18 136 130 96 42 179 128 118 72 151 213 128 171 59 112 154 20 151 120 24 187 227 75 68 94 91 94 102 123 126 72 202 64 56 161 105 85
166 53 115 54 174 183 72 202 128 142 39 61 75 224 53 229 151 159 54 79 201 169 142 74 239 77 116 189 96 58 158 112 159 10 28 128 115 138 88 227 44 86 169 140 128 206 169 127 88 209 192 148 209 101 100 90 20 130 219 119 119 116 87 15 129 163 91 78 90 135 131 87 149 236 145 171 89 139 118 17 150 134 11 193 220 71 58 77 141 92 115 133 122 115 200 117 56 138 113 100
198 59 104 60 161 199 133 191 121 93 45 89 103 223 55 250 157 132 37 91 178 174 125 53 155 70 115 162 123 77 152 102 156 8 22 162 130 125 116 216 51 98 167 78 117 229 147 132 92 198 198 145 199 99 122 106 25 236 234 127 124 193 84 13 133 182 75 89 69 174 131 103 147 232 138 167 81 143 75 62 153 144 7 184 226 57 64 78 153 77 137 139 127 152 182 65 49 160 125 124
144 67 97 41 165 191 122 183 121 82 51 135 121 223 33 124 208 118 74 114 97 139 99 40 133 74 119 155 143 87 139 103 130 5 24 166 123 113 116 195 25 64 132 82 119 214 131 140 106 174 196 149 230 94 106 102 22 102 250 127 142 242 120 19 140 211 129 113 47 180 119 106 145 181 162 153 79 148 68 96 153 157 7 156 158 64 52 80 58 67 115 136 129 160 177 49 62 168 131 152
120 73 96 31 170 198 113 186 140 124 42 174 130 221 22 56 237 125 82 119 64 93 123 46 157 76 91 180 131 103 133 129 118 3 26 121 116 123 25 166 50 51 131 56 126 217 132 149 71 173 188 157 226 72 99 78 28 155 252 136 178 240 143 52 141 100 115 112 24 155 124 109 144 206 195 179 128 153 63 50 151 172 43 153 77 72 52 83 97 79 70 131 116 126 168 30 69 173 126 176
132 79 86 39 164 202 159 193 177 138 131 183 134 219 45 125 252 122 81 135 70 76 161 51 133 65 102 199 125 113 128 136 132 4 26 113 83 115 4 141 115 62 153 60 128 198 134 158 95 157 186 157 184 75 61 63 69 133 252 75 208 246 94 54 129 46 107 89 29 151 159 133 143 213 179 167 101 158 39 60 153 190 121 139 59 50 88 87 154 109 58 142 91 89 158 7 62 177 114 199
191 87 74 37 169 202 127 194 217 114 128 167 127 217 51 158 227 101 81 140 73 57 165 45 106 65 147 192 149 106 120 98 134 7 35 116 53 101 19 129 138 52 106 74 133 120 129 164 145 145 192 160 116 76 58 63 70 84 251 43 205 241 110 28 119 49 109 103 32 174 189 155 141 207 135 163 101 163 67 87 156 209 104 155 50 23 119 89 99 138 65 154 71 70 181 51 74 149 100 209
149 97 77 33 164 209 181 187 234 99 123 150 112 215 26 167 234 89 145 126 102 31 150 42 128 78 128 178 145 113 133 73 146 11 38 91 57 101 19 129 148 50 110 43 132 93 126 161 177 115 193 184 38 69 149 64 34 72 220 58 182 161 116 24 124 27 103 145 26 131 206 160 137 201 124 156 114 169 114 38 157 221 31 207 38 50 122 89 101 156 66 140 69 72 203 97 90 110 99 192
129 105 90 31 137 206 174 179 228 94 102 143 94 214 7 168 229 93 195 152 115 22 120 45 157 84 88 175 104 101 164 89 184 13 26 105 37 78 1 134 160 55 83 62 121 120 128 155 139 105 188 214 23 107 187 63 52 16 168 112 168 58 79 43 137 51 105 166 24 21 223 160 134 205 144 141 112 174 115 35 154 224 35 227 53 117 117 88 81 163 69 112 76 86 192 111 85 99 111 165
101 71 75 40 174 180 138 106 147 120 69 51 114 148 90 129 80 133 37 138 189 174 134 116 245 78 118 189 117 88 150 126 112 4 45 90 125 130 76 241 68 69 109 171 120 210 174 141 70 149 244 149 237 141 75 81 13 114 187 98 125 111 209 84 112 112 88 21 148 126 102 80 151 202 112 122 60 103 138 14 149 116 79 171 225 58 65 83 124 73 88 111 140 78 254 26 154 192 119 95
114 77 78 43 171 196 106 93 154 179 64 49 111 161 78 211 96 119 31 141 158 174 168 121 235 82 94 205 98 104 129 116 112 1 34 51 126 165 95 245 81 61 132 210 122 201 177 132 83 123 232 146 227 108 99 80 23 106 188 105 128 108 125 48 115 109 78 12 149 114 101 67 150 220 109 118 91 109 124 16 149 121 57 119 226 59 48 73 159 115 98 114 111 45 245 56 110 193 132 88
122 80 84 57 165 162 129 122 158 199 35 51 95 231 61 217 122 125 28 121 145 173 156 110 212 86 71 210 100 103 151 118 117 8 19 45 124 185 131 240 68 73 173 188 124 193 170 125 96 112 228 141 210 89 112 79 37 84 200 110 141 124 102 39 121 100 76 27 151 138 101 69 149 204 117 159 48 148 134 23 149 131 59 102 226 62 89 72 151 115 105 125 120 83 231 88 60 187 144 66
214 87 79 72 168 175 112 165 142 159 50 65 84 224 63 225 126 110 24 69 198 168 143 71 142 68 75 203 119 85 146 122 127 9 32 63 111 171 90 226 57 94 172 158 130 204 183 149 154 178 231 157 214 102 107 93 25 151 209 103 154 180 111 37 122 99 104 55 112 137 104 82 148 240 140 163 78 179 116 30 149 148 48 193 231 58 48 65 134 99 109 136 116 107 199 157 48 171 153 79
125 92 72 59 165 194 160 165 149 120 49 95 109 224 91 218 165 92 41 71 148 177 123 53 107 58 63 189 151 95 151 104 118 5 28 97 121 166 72 191 70 102 161 142 120 220 166 147 152 166 235 152 204 103 124 107 17 227 227 141 171 235 140 25 129 113 49 82 63 173 93 95 146 226 165 159 77 188 80 63 143 159 34 198 225 66 43 67 159 85 102 135 125 143 195 85 54 167 167 87
64 99 68 40 167 205 158 164 177 98 52 142 108 225 59 229 236 74 62 97 84 148 109 47 123 61 88 189 157 98 155 110 109 1 23 121 120 152 93 145 35 72 119 166 122 223 149 147 178 158 236 147 223 113 122 94 19 108 248 128 187 254 169 30 137 158 118 105 33 181 89 103 144 189 198 156 69 199 71 83 142 175 86 145 157 66 49 73 90 87 61 131 131 154 190 35 67 147 177 104
62 104 69 20 166 212 144 164 212 125 42 171 115 225 17 115 252 69 84 110 68 105 145 58 129 64 84 207 135 95 160 134 115 2 15 144 95 147 40 117 38 60 147 82 127 213 142 153 147 163 232 144 179 92 117 68 26 162 251 107 203 254 154 47 136 78 113 98 43 159 101 117 142 204 198 157 113 206 55 25 148 191 142 141 78 46 89 80 127 119 37 132 123 125 164 39 68 127 172 133
57 107 71 38 164 216 160 164 242 129 108 158 125 226 23 21 234 68 97 126 73 81 174 56 87 55 90 208 135 96 154 132 126 2 17 160 65 128 12 113 98 64 129 76 128 137 137 162 183 149 230 141 72 92 97 64 82 119 248 71 213 237 123 47 125 67 103 87 53 163 145 145 142 223 170 132 99 209 24 36 154 208 103 142 53 47 124 86 155 159 53 145 104 86 143 27 61 117 165 164
117 111 71 46 168 208 138 158 253 102 73 119 119 227 17 50 239 69 115 106 71 54 169 42 91 56 118 184 151 79 135 103 134 6 40 140 48 109 6 118 140 52 109 110 133 85 132 165 216 127 232 151 15 89 126 69 82 70 249 46 198 164 107 30 117 77 116 116 36 186 213 162 139 212 157 101 113 210 45 89 154 222 123 147 54 62 105 86 111 173 56 153 86 60 170 64 64 108 167 189
97 116 75 25 159 223 187 142 238 90 52 96 115 228 4 98 254 77 186 91 97 28 161 44 123 72 108 160 138 93 138 82 154 7 57 111 44 109 5 119 151 52 95 79 133 107 133 161 202 104 234 180 12 66 208 68 24 76 229 65 180 92 95 26 124 54 107 165 57 144 241 165 136 196 166 109 133 212 79 60 153 226 66 162 68 69 77 82 148 157 61 135 78 59 203 183 72 105 171 202
49 120 80 37 139 215 185 127 195 74 54 95 106 228 24 98 244 87 222 160 125 25 142 60 113 82 109 151 107 87 164 79 182 6 50 104 50 90 10 117 143 55 77 110 123 91 139 155 123 99 233 209 20 95 229 67 59 24 189 110 181 81 65 38 137 66 116 194 51 59 221 168 133 202 169 106 110 214 69 51 153 223 39 165 97 92 83 77 74 135 92 107 79 75 202 210 71 112 171 206
198 104 109 62 150 226 141 82 188 140 70 74 113 137 94 138 90 84 5 135 174 174 105 103 189 67 88 194 128 103 183 126 92 5 26 87 140 87 73 244 60 71 102 151 120 206 185 141 79 127 247 187 233 160 110 76 20 100 133 103 149 107 192 78 116 119 95 16 180 115 72 80 150 169 113 86 41 134 117 18 148 115 228 103 224 62 47 71 112 84 106 104 135 46 249 16 149 150 150 85
210 107 115 66 150 226 136 115 185 194 67 75 103 144 79 186 89 80 0 129 157 174 188 95 137 60 104 208 107 103 173 126 101 13 36 42 136 140 91 244 66 63 137 154 119 196 183 143 92 108 241 192 238 145 124 77 21 93 124 108 155 127 102 52 117 91 101 8 192 89 72 69 149 199 114 94 68 146 126 17 147 131 195 40 225 59 41 52 155 131 127 103 104 42 249 48 99 137 159 100
209 109 112 79 145 206 135 155 181 201 54 67 86 217 57 196 92 84 0 99 143 173 206 95 85 74 88 203 111 92 195 117 117 11 40 36 124 182 141 232 51 76 174 174 120 186 175 143 103 118 254 194 220 121 126 77 34 89 139 109 168 170 99 47 124 82 107 22 199 120 71 72 148 218 118 147 43 180 124 20 147 150 181 44 226 57 77 46 162 123 137 112 111 133 246 85 46 118 169 106
209 114 126 91 156 222 152 153 180 151 61 84 91 225 71 228 137 60 13 54 144 170 175 67 70 71 69 202 118 74 206 126 124 3 31 55 112 196 125 177 47 90 148 177 120 190 180 159 151 168 250 189 234 72 125 97 38 177 229 116 189 249 99 59 130 139 108 32 100 127 79 78 147 243 111 159 62 195 123 36 147 165 162 125 237 35 41 52 101 82 154 132 113 108 229 185 45 79 163 97
137 116 125 72 169 206 161 157 202 133 59 117 113 224 108 214 198 68 64 57 110 179 166 57 23 54 55 203 151 88 210 110 111 4 25 58 105 201 67 149 67 100 128 172 117 195 178 156 143 159 251 188 159 85 118 114 19 205 240 138 207 239 180 53 136 126 52 76 53 162 72 93 145 232 143 129 96 201 104 56 132 175 114 162 196 47 18 57 138 91 156 129 121 120 210 142 63 67 164 82
121 119 116 79 170 173 163 156 236 111 52 152 98 223 94 232 245 66 57 89 110 153 159 54 31 51 82 203 148 97 216 124 122 5 23 41 108 181 71 118 52 77 133 177 124 210 172 156 175 160 253 185 94 126 111 98 20 148 253 105 209 254 219 50 141 115 87 101 23 172 70 111 143 218 181 111 66 207 93 48 129 187 155 106 117 56 51 64 135 118 161 127 126 115 196 71 69 60 172 80
106 122 104 53 165 191 175 147 247 122 91 156 101 223 55 232 239 56 92 112 114 113 180 59 70 57 73 197 129 88 221 131 137 6 15 76 84 171 67 106 29 71 129 94 128 174 161 160 146 155 254 181 61 120 94 69 30 182 253 58 206 251 178 51 135 106 86 98 51 156 99 136 142 208 187 84 81 210 64 30 144 200 208 115 56 48 112 69 132 155 171 131 120 94 187 82 65 56 177 96
91 123 95 54 169 201 188 137 234 115 132 124 108 223 41 115 205 64 110 140 98 87 183 57 66 54 78 182 132 83 207 102 132 7 8 107 91 157 50 112 48 74 96 98 123 96 145 164 195 131 254 181 21 123 93 68 71 105 252 50 209 173 173 51 122 139 103 112 60 172 165 162 141 227 179 76 107 209 30 42 154 215 117 143 52 82 112 71 141 175 174 140 105 72 176 76 66 52 176 115
154 124 89 52 167 216 183 126 228 95 42 80 93 223 23 40 214 87 133 104 85 53 168 53 58 58 110 156 132 55 168 83 138 6 24 108 92 137 34 118 128 64 119 112 127 84 132 165 222 107 252 190 15 133 155 74 77 66 250 65 205 85 101 52 116 166 117 146 49 190 225 169 139 198 195 51 131 210 48 83 150 226 143 151 74 123 64 70 117 162 164 141 89 51 179 122 68 56 184 135
148 126 81 29 152 206 199 107 208 90 47 53 96 223 15 140 217 100 199 54 92 23 164 62 67 72 102 120 128 74 148 82 162 3 49 123 49 122 53 112 180 62 86 103 133 106 126 162 180 90 253 206 41 111 216 69 40 71 229 124 212 77 67 60 126 168 111 176 121 151 234 170 135 170 204 98 138 214 79 110 147 228 128 144 96 119 42 67 151 129 165 124 79 43 193 223 72 61 196 173
81 127 72 92 141 176 182 90 171 63 101 45 96 223 39 127 200 97 217 114 123 21 148 77 63 80 111 93 141 72 160 70 178 1 56 106 55 94 50 102 144 56 66 161 130 79 127 160 76 73 254 218 33 133 215 69 59 52 194 151 237 118 78 70 140 171 118 192 109 99 213 180 132 192 183 112 103 218 71 106 151 223 48 142 114 131 52 66 141 104 180 105 75 53 199 250 80 58 199 211
171 118 201 69 116 223 130 95 244 157 55 88 113 96 100 172 101 69 2 142 136 174 82 75 72 60 75 197 127 80 225 100 91 4 25 96 146 102 90 242 27 69 101 169 126 205 177 141 99 111 253 135 226 203 116 71 31 124 100 91 168 113 182 69 136 158 59 13 184 138 62 82 150 122 119 62 36 130 140 19 147 116 204 112 224 70 43 65 80 60 145 103 119 51 255 14 187 153 167 35
179 120 221 83 113 214 167 149 235 179 54 91 96 89 81 172 85 76 5 127 125 174 189 52 76 55 67 207 100 66 215 110 109 9 26 49 136 127 100 231 32 62 144 119 123 196 179 158 102 111 242 143 232 158 114 72 18 88 103 94 177 157 85 49 137 108 97 7 188 88 62 73 148 147 106 80 50 136 158 15 146 140 219 33 225 65 32 41 96 97 181 95 91 32 254 23 119 131 165 71
182 123 217 106 106 224 151 166 232 189 56 77 78 197 57 180 63 73 8 85 115 173 222 60 76 81 76 193 108 40 206 111 135 1 23 35 117 143 148 209 24 78 170 180 122 187 177 167 99 144 253 148 199 148 104 73 20 85 135 101 191 226 91 44 145 91 144 22 182 103 62 78 147 200 85 141 56 155 136 16 146 166 216 10 225 61 44 32 112 76 195 99 103 110 253 38 45 92 169 123
182 128 205 95 142 207 170 153 231 158 45 88 90 225 78 216 94 86 26 40 120 173 227 76 89 92 57 207 101 41 210 106 214 10 25 34 100 188 137 137 43 83 137 201 118 178 171 155 157 188 221 169 129 107 96 97 54 211 184 111 198 251 62 45 146 151 114 23 72 118 62 83 146 150 121 97 57 151 149 33 145 179 221 105 210 64 30 43 155 81 206 125 101 102 253 145 48 41 181 155
140 129 212 86 166 225 167 153 234 153 47 126 120 225 112 231 140 63 85 68 108 180 228 66 88 66 58 212 134 64 204 96 198 9 18 63 96 195 97 126 30 98 103 181 120 183 184 155 146 170 223 177 61 99 79 119 30 196 194 117 195 254 143 54 150 157 76 77 53 152 65 101 145 127 138 68 107 152 135 48 124 185 245 153 142 53 51 49 168 111 201 123 110 102 204 194 67 32 173 104
173 130 209 128 166 199 176 147 241 122 33 155 110 224 121 217 186 59 53 109 155 154 222 54 91 54 86 199 130 88 198 117 217 7 22 42 116 173 78 114 38 84 169 168 130 190 191 158 181 156 234 186 2 123 80 102 26 189 218 98 179 251 243 59 150 120 67 98 30 161 66 128 142 129 175 75 67 151 113 21 120 194 209 81 63 58 112 56 169 151 218 124 117 86 178 158 64 37 186 68
201 132 194 102 160 199 192 140 222 108 131 146 114 225 99 213 242 88 105 121 161 117 223 51 100 58 62 170 120 84 201 111 230 5 21 60 99 172 75 109 33 84 101 132 129 137 180 162 148 124 248 193 16 106 68 69 40 199 239 65 188 195 225 54 138 172 65 95 48 147 114 160 141 133 193 71 77 150 69 53 141 203 160 87 34 65 120 56 109 176 225 129 114 63 197 166 57 37 200 77
193 134 183 80 169 133 193 140 190 87 165 115 108 225 74 247 226 113 121 150 122 91 205 57 112 56 75 148 129 80 194 61 203 3 4 63 124 183 80 112 14 89 81 156 116 99 155 163 203 89 251 203 24 107 89 67 58 102 250 68 226 124 195 52 122 192 106 117 46 169 200 182 140 205 189 100 114 151 41 69 154 216 152 130 61 103 61 51 137 170 214 133 103 43 206 145 67 35 193 95
174 137 178 64 163 132 212 140 185 77 39 87 66 226 45 147 187 107 132 124 97 54 188 67 118 58 127 125 118 45 166 52 197 2 3 69 128 171 102 115 96 79 119 120 116 104 129 162 234 78 248 212 14 124 170 69 71 77 253 82 243 91 105 55 116 193 109 138 54 183 234 180 138 204 197 71 91 159 79 86 146 227 185 142 93 122 49 48 121 151 229 127 89 25 186 191 64 70 183 107
156 138 167 56 142 131 223 128 178 93 88 68 50 227 24 102 156 86 192 61 92 20 190 74 107 65 104 76 130 65 154 71 219 6 26 114 53 141 148 115 197 69 81 111 126 92 110 163 196 77 250 212 40 96 209 61 68 71 241 144 242 90 99 60 127 205 103 134 170 146 217 180 135 177 197 108 93 172 133 162 143 229 213 126 92 102 74 51 113 142 242 114 77 27 169 233 54 128 180 135
167 139 153 174 136 137 207 112 148 74 191 57 42 228 22 181 187 73 211 107 122 15 173 77 85 67 80 24 186 63 169 61 225 9 45 86 57 99 87 113 181 53 48 184 128 100 101 165 94 56 254 207 41 103 188 62 62 79 209 141 252 92 102 61 142 206 101 126 149 116 208 197 132 203 173 101 109 183 145 165 150 226 158 123 74 122 63 54 205 145 225 102 69 47 172 250 59 156 178 170
