227 104 203 80 208 88 221 122 135 174 204 145 115 224 141 12 158 151 1 150 194 84 29 206 29 74 75 114 153 100 126 252 86 95 147 119 67 227 41 26 226 80 238 119 118 225 41 122 64 215 135 116 253 67 128 225 57 20 41 32 136 72 107 86 72 148 46 12 95 97 63 116 71 104 182 100 171 45 187 153 160 59 93 63 12 202 111 26 231 56 107 27 173 144 31 100 99 87 254 221
226 89 207 75 210 83 220 132 137 173 209 165 113 176 142 11 164 154 1 158 201 84 26 207 30 66 74 119 161 100 120 244 80 85 150 120 63 236 20 40 222 65 237 138 135 210 41 119 34 218 150 118 253 82 128 235 63 87 43 31 143 73 113 78 72 150 51 5 100 96 66 110 91 132 182 147 172 47 188 159 179 77 92 78 30 202 122 26 238 53 82 29 160 145 33 105 99 87 253 177
226 93 198 74 212 86 220 139 139 173 210 152 113 187 143 11 162 156 2 127 180 85 21 211 30 56 76 122 160 98 114 253 76 104 151 118 60 231 41 57 205 43 236 161 103 190 41 116 37 219 188 117 253 87 127 235 139 137 52 31 154 69 107 92 84 151 60 41 90 95 69 107 146 168 181 143 173 48 188 137 197 124 112 72 25 202 96 27 243 42 55 27 149 146 36 120 106 90 253 189
225 65 203 70 214 88 219 136 122 168 213 193 113 237 145 12 160 154 1 144 169 85 42 217 33 51 63 127 190 95 109 249 79 197 156 133 43 236 41 185 145 38 229 183 90 191 43 111 51 207 221 120 247 141 124 158 156 79 64 31 162 66 108 88 29 152 59 74 90 98 75 90 157 192 186 84 177 45 189 129 193 108 117 76 11 201 90 31 245 54 54 17 155 141 52 146 117 79 252 208
224 66 203 68 220 86 218 117 109 183 210 234 165 243 144 19 121 142 1 129 181 86 37 219 32 104 61 134 196 105 105 248 94 221 159 121 33 211 43 245 80 34 226 205 81 185 38 109 62 200 230 121 254 134 117 106 186 38 46 31 152 67 104 83 25 152 77 112 86 99 79 86 183 171 185 37 178 29 190 135 201 87 172 80 4 201 168 38 249 64 73 20 185 140 50 124 118 79 252 177
236 71 203 74 233 77 217 73 101 195 161 215 167 241 143 19 82 97 1 121 177 87 34 221 31 158 69 138 190 121 106 235 104 231 163 102 61 188 54 248 83 36 242 209 78 190 32 106 62 189 242 124 177 140 123 102 156 4 40 31 142 69 104 74 49 153 84 130 88 100 83 74 190 103 183 60 178 39 191 144 206 68 222 86 1 201 157 112 246 63 89 36 214 139 46 124 119 78 235 177
237 80 203 87 236 78 215 71 101 196 148 97 123 206 142 13 70 45 1 111 166 88 37 220 32 108 77 136 184 121 112 195 115 229 166 89 135 179 71 205 117 34 238 192 79 199 28 101 64 178 251 126 93 168 122 118 128 1 47 30 149 73 106 62 95 153 86 150 94 102 86 70 196 81 181 111 177 63 192 141 203 47 225 87 1 201 137 174 240 64 73 61 221 140 44 141 119 79 215 219
198 90 203 93 247 85 215 58 109 190 133 74 76 139 141 11 73 39 1 89 162 89 58 219 34 50 83 135 187 112 115 192 132 236 169 89 237 169 81 120 120 36 238 195 96 200 27 97 77 169 254 128 133 202 114 100 168 2 43 29 157 78 99 55 119 153 71 155 98 102 88 74 197 66 179 84 177 77 193 129 199 63 193 80 1 201 127 145 244 54 73 77 214 141 47 137 121 82 193 252
148 92 203 93 229 73 214 33 127 176 93 85 47 101 141 17 72 64 1 79 158 90 84 217 33 44 97 138 184 119 114 237 142 242 174 97 244 143 89 92 161 62 244 223 101 197 28 93 80 171 255 128 183 207 124 109 192 1 30 27 140 83 86 49 113 153 65 145 95 103 91 71 201 75 178 75 180 98 194 123 200 83 163 76 1 201 131 106 251 59 150 76 207 141 55 120 122 87 199 253
142 88 203 95 161 54 215 51 130 153 86 90 42 140 141 20 66 63 1 78 156 91 130 218 30 32 105 141 176 120 114 248 151 238 179 102 232 109 109 55 222 94 233 236 80 178 29 89 74 185 254 128 170 173 115 97 186 1 28 26 122 88 81 40 110 152 79 170 90 103 94 76 217 141 176 126 187 129 195 111 203 64 157 83 1 201 121 119 244 85 223 72 200 140 65 110 122 92 237 250
170 83 203 102 121 51 215 54 114 131 66 221 33 204 142 17 62 35 1 74 164 92 138 218 26 38 97 141 174 101 116 252 164 237 183 100 233 88 129 41 231 105 239 226 76 149 29 88 74 200 253 128 171 135 77 90 204 2 37 25 123 91 85 31 120 152 66 204 89 102 96 94 210 148 176 180 192 145 196 90 204 85 167 95 2 201 130 141 227 81 220 73 194 138 73 105 123 95 246 254
157 111 162 74 203 75 188 128 153 166 188 169 116 155 140 28 159 160 0 146 168 88 55 203 50 64 73 120 148 89 125 250 62 97 145 109 41 231 58 27 226 76 237 120 125 201 40 121 69 219 114 116 254 159 124 232 50 13 61 35 144 81 100 109 51 147 43 22 100 93 68 99 120 112 186 89 176 49 190 137 145 64 100 67 31 202 120 31 227 62 41 35 150 155 29 118 94 99 251 188
158 87 185 69 205 89 187 139 137 149 208 170 111 138 141 29 164 163 2 160 175 89 52 205 50 54 74 123 149 103 121 245 67 108 148 118 36 241 35 32 202 60 236 152 131 191 40 118 51 221 136 119 254 158 124 244 103 90 51 34 146 81 105 99 45 149 44 7 110 93 72 95 144 139 185 87 177 48 191 137 140 81 92 86 55 202 129 29 234 57 21 37 122 156 31 121 100 99 251 151
158 70 205 71 208 82 187 147 123 134 226 144 126 139 141 30 155 166 4 125 163 89 45 208 49 41 78 126 141 108 115 254 54 101 150 128 34 232 50 38 158 44 235 185 104 182 40 115 76 221 166 118 254 173 124 241 147 157 41 34 151 78 96 113 54 150 49 27 103 93 75 95 186 154 185 92 177 48 192 126 168 112 95 74 45 202 88 28 238 45 19 35 109 156 34 136 113 105 251 183
161 51 203 76 213 83 184 141 112 135 220 173 114 183 145 14 124 172 1 138 149 90 61 211 41 55 70 124 124 93 113 249 60 137 154 115 33 202 65 173 79 36 222 213 99 193 44 110 79 204 193 119 251 183 125 156 157 134 61 36 154 74 96 86 27 151 48 55 95 96 78 96 175 147 187 82 181 35 193 130 150 60 80 78 28 201 72 27 240 51 36 31 109 153 48 121 150 99 235 190
151 51 203 73 218 87 183 109 105 168 227 193 153 194 144 26 88 173 1 107 181 91 62 213 42 117 65 129 131 78 107 250 69 191 157 105 33 169 74 254 54 31 211 205 92 203 39 109 82 198 192 121 194 134 116 93 177 98 40 36 155 74 80 85 17 151 67 89 95 98 82 90 195 124 185 35 178 27 193 134 169 44 198 83 17 201 144 35 241 63 74 29 137 152 37 127 151 101 223 182
149 54 203 81 232 79 182 48 100 203 206 153 153 197 143 31 62 152 1 90 195 91 58 216 41 106 75 130 138 105 105 252 68 226 161 85 62 139 78 212 76 33 249 148 72 218 32 105 64 196 197 123 101 90 123 71 141 50 41 36 157 76 70 87 31 152 77 114 100 100 86 78 189 114 184 51 178 64 194 125 188 30 243 90 10 201 142 104 240 59 75 37 161 150 32 142 152 103 197 206
153 61 203 96 236 75 181 54 93 215 168 94 96 179 142 23 66 115 1 85 189 93 62 216 35 97 86 125 138 128 109 210 67 228 164 66 130 135 72 83 108 29 239 81 73 216 28 101 56 200 213 126 134 105 123 84 128 16 47 35 165 79 73 89 75 152 84 146 111 102 90 75 185 103 181 83 181 98 195 116 196 52 223 90 12 201 129 154 240 56 82 53 165 150 39 160 153 101 190 246
146 68 203 100 248 77 180 54 91 210 121 80 78 151 144 18 74 97 1 75 185 94 80 214 29 92 86 121 140 112 113 173 77 233 167 64 234 139 70 64 109 30 240 89 82 196 28 97 73 203 235 128 184 174 115 60 175 6 37 34 163 82 74 84 111 152 74 155 117 102 92 79 188 58 179 83 187 99 196 119 196 43 234 82 14 201 119 124 244 49 88 59 167 150 46 165 154 97 178 254
132 68 203 86 230 57 179 34 105 195 77 61 107 140 147 22 68 106 1 77 178 95 110 213 29 42 90 123 156 114 114 222 89 242 170 79 246 132 82 135 138 65 249 160 80 185 29 92 81 205 249 128 171 236 126 80 190 9 36 32 136 85 70 71 120 152 69 162 115 101 94 74 205 73 177 71 188 126 198 117 197 72 225 76 12 201 142 101 250 63 123 52 184 149 52 150 156 98 174 253
130 62 203 73 162 37 179 57 111 172 73 89 116 156 150 24 60 116 1 81 163 96 110 213 34 24 98 125 161 123 117 205 106 239 175 97 243 118 104 121 192 98 208 197 78 179 28 89 80 211 252 128 183 247 111 84 182 10 38 30 117 88 68 59 120 151 79 194 110 100 97 77 231 129 176 129 184 163 198 102 199 60 172 84 12 201 154 121 248 93 200 45 208 146 64 126 157 102 210 248
138 56 203 69 123 42 180 54 99 151 90 198 117 178 152 21 60 115 1 69 155 96 121 214 40 37 97 125 147 104 122 236 129 234 179 106 249 107 120 51 215 97 216 181 65 167 28 87 87 219 249 128 173 237 58 96 199 7 28 29 123 90 72 52 125 151 62 197 108 99 100 95 227 113 176 184 179 162 199 92 199 54 141 97 14 201 160 132 242 87 217 45 222 144 77 110 157 107 231 249
139 109 104 68 194 89 153 134 142 145 144 182 106 120 139 30 161 164 0 141 156 91 78 203 158 56 73 115 153 109 124 248 73 88 144 91 26 227 99 42 236 44 234 119 102 180 42 121 92 220 97 117 253 140 122 237 99 3 43 37 147 89 104 141 69 146 33 62 90 89 74 107 151 103 190 140 179 53 193 134 152 76 87 65 143 202 134 46 225 65 40 37 119 174 29 58 90 93 238 147
144 84 149 74 196 78 152 145 128 113 168 169 96 140 140 34 165 169 2 164 160 92 76 204 160 51 75 119 149 136 121 243 91 120 147 103 31 242 71 36 199 43 233 158 94 194 42 117 92 220 126 119 252 92 121 250 173 74 37 37 145 88 111 123 31 148 28 29 101 90 81 110 171 114 189 107 180 49 194 125 113 107 74 85 116 202 144 43 230 57 22 38 102 173 31 59 101 91 238 111
147 51 208 84 198 84 152 153 112 84 196 118 124 129 140 37 149 172 6 136 156 92 68 208 158 39 81 121 137 148 116 250 72 110 148 121 36 236 65 31 137 52 232 198 68 211 41 115 132 219 152 118 251 123 121 245 179 145 42 37 144 84 103 133 17 149 28 17 96 91 85 114 199 103 188 128 181 46 195 124 131 120 69 67 58 202 95 40 233 43 31 36 102 173 34 71 119 99 238 160
138 64 203 70 205 67 150 156 98 95 222 143 123 132 142 79 75 194 1 95 150 93 73 208 157 97 72 130 52 109 115 250 70 85 153 102 49 173 84 175 63 37 194 211 75 214 45 110 166 209 164 119 225 108 125 145 151 149 45 34 157 82 120 117 11 150 41 41 91 92 81 102 170 110 184 61 187 22 195 116 114 97 92 73 19 201 64 32 236 48 43 41 93 173 30 59 151 106 202 171
145 61 203 62 211 81 149 116 102 141 212 176 154 153 141 101 75 191 1 71 181 94 88 210 148 165 66 135 61 71 108 244 84 163 155 98 41 145 89 227 70 32 176 204 74 207 39 109 143 202 150 120 69 91 115 71 117 140 27 34 155 83 91 113 21 151 58 70 94 93 84 100 190 111 183 32 182 33 196 122 132 89 156 79 11 201 132 46 235 61 81 39 121 171 26 74 151 110 181 202
147 57 203 65 226 78 148 47 106 189 230 102 158 165 141 119 74 189 1 69 188 95 96 213 123 79 78 134 81 102 104 254 87 219 159 81 48 122 75 184 90 33 224 141 47 203 32 105 91 204 142 123 79 80 123 42 104 101 33 34 150 84 66 113 52 151 67 101 104 96 89 96 184 131 181 63 180 96 197 108 150 28 223 86 9 201 137 112 237 57 49 49 143 168 40 68 152 112 160 242
141 56 203 80 231 76 147 57 99 209 229 99 94 161 143 120 73 190 1 74 171 96 96 214 85 108 92 128 87 141 108 224 82 226 162 57 99 127 50 66 111 25 205 66 55 190 28 101 63 218 161 126 159 102 124 59 143 48 34 33 146 86 63 114 96 152 77 144 116 97 92 102 183 120 178 79 184 131 198 96 159 55 238 85 14 201 131 150 238 52 70 68 141 167 66 51 154 107 175 252
138 56 203 89 243 78 146 64 89 206 226 75 88 169 148 118 74 194 1 67 167 97 100 213 47 181 88 124 93 118 114 170 78 228 164 47 209 147 50 69 127 25 199 76 65 171 28 97 81 228 198 128 172 159 116 37 171 23 21 32 136 87 67 100 130 152 71 160 120 96 94 108 193 77 176 122 187 110 199 102 166 56 226 76 16 201 125 120 238 47 95 79 138 166 77 47 155 97 174 248
141 56 203 82 226 58 145 42 98 195 186 74 132 191 154 121 76 197 1 71 170 98 125 212 28 109 84 125 125 110 120 212 71 236 168 58 237 154 80 105 152 64 203 144 66 166 29 92 91 227 230 128 178 217 127 50 173 33 35 30 115 88 65 76 141 151 68 181 115 94 97 100 213 87 175 111 176 132 200 96 178 74 230 70 10 201 165 112 233 63 93 77 151 164 66 49 157 91 161 251
144 53 203 75 159 44 145 57 104 181 99 161 121 202 161 121 74 200 1 75 166 99 95 212 29 56 90 128 142 124 127 160 71 235 173 78 238 140 105 134 189 94 137 148 82 165 29 89 84 221 243 128 157 239 108 36 174 45 45 28 115 89 62 61 136 151 74 216 109 91 100 98 233 122 174 150 152 178 201 88 193 42 234 79 4 201 194 131 227 92 154 74 173 160 59 48 158 92 191 253
144 51 203 75 119 58 145 44 94 168 69 103 108 198 165 116 69 202 1 61 161 100 118 213 38 26 93 128 121 109 135 198 83 228 176 91 243 122 110 133 217 84 143 94 67 154 27 88 87 219 243 128 116 240 47 38 166 43 22 28 139 90 63 59 130 150 52 197 107 88 102 113 220 112 173 160 131 174 201 99 202 47 219 92 2 201 201 125 222 83 185 75 186 157 62 49 158 96 221 253
210 105 96 99 178 84 127 134 92 145 124 157 107 171 142 40 174 169 2 168 157 99 90 201 194 50 73 122 180 138 123 247 72 110 140 97 28 216 99 35 222 49 211 98 66 208 38 121 118 223 81 113 251 54 116 250 120 5 32 31 130 99 109 164 135 145 35 108 89 86 59 111 151 89 196 165 181 62 195 186 135 63 60 59 168 202 125 182 225 69 93 25 128 170 31 41 101 138 219 182
212 73 107 102 185 83 125 148 96 133 106 160 103 174 141 49 148 163 6 158 144 98 79 201 195 50 69 126 164 162 123 240 96 117 141 106 32 233 95 23 221 48 185 148 80 205 41 118 182 215 102 117 247 75 122 251 171 43 28 31 146 91 139 190 51 146 28 24 98 86 69 112 205 77 195 148 179 54 196 126 137 67 62 72 123 204 140 180 228 60 62 24 105 171 31 46 73 123 223 144
213 58 194 104 192 82 122 156 100 118 194 136 126 170 142 80 93 178 0 134 147 91 69 203 196 54 85 128 54 163 123 253 89 109 144 118 40 240 95 46 217 47 166 209 90 211 43 115 151 206 115 120 231 93 125 204 151 153 32 36 144 83 126 230 37 147 36 47 93 87 77 110 193 81 194 118 175 28 198 83 125 66 58 68 25 205 121 159 231 47 51 24 89 171 33 52 101 110 194 166
213 68 204 101 197 77 120 126 100 133 193 149 125 167 151 154 46 200 0 65 157 102 61 204 201 145 81 125 37 133 113 245 92 79 158 81 53 171 108 146 110 46 159 207 100 198 39 111 126 197 115 122 136 62 129 86 101 165 32 41 146 77 108 209 33 154 36 50 90 83 82 130 133 86 197 59 187 15 205 93 115 70 67 67 9 197 87 95 218 61 61 17 79 172 39 62 150 95 173 169
213 73 203 93 210 67 130 82 107 190 174 137 138 188 141 180 49 205 1 56 175 102 68 206 199 159 75 151 49 113 105 246 88 99 148 72 42 147 116 185 86 27 148 219 86 213 36 106 95 207 104 134 37 68 122 65 78 129 33 27 142 73 82 195 53 147 59 60 78 89 69 143 164 120 181 75 188 31 196 90 116 76 111 76 17 200 121 74 249 74 74 30 110 167 31 61 158 90 144 193
217 75 205 98 215 72 119 55 108 190 233 99 126 171 135 187 62 167 0 51 145 101 106 208 204 81 71 94 39 137 103 253 94 187 152 75 52 126 89 128 109 30 160 172 75 213 46 103 82 216 102 124 28 70 134 95 48 123 24 29 163 83 64 177 62 147 60 87 87 97 61 140 178 122 181 99 194 99 186 88 126 82 153 81 8 197 135 120 227 79 53 70 139 169 43 56 166 85 161 241
229 68 200 97 222 56 125 62 105 189 176 90 117 144 144 177 70 158 0 58 102 100 103 210 182 78 74 73 30 145 109 221 98 248 164 58 81 121 77 90 113 37 136 125 75 184 29 102 88 215 117 119 77 85 116 132 142 97 26 40 135 89 76 148 75 155 69 133 93 99 68 129 198 111 187 138 171 118 199 98 100 83 215 75 1 198 129 157 244 63 68 124 145 170 55 67 171 85 154 253
201 55 193 96 234 123 135 52 108 205 217 81 77 161 163 175 73 180 0 65 113 101 139 210 133 155 76 92 70 145 114 187 90 232 168 34 166 118 93 89 126 32 140 121 96 163 24 97 87 207 139 126 62 163 120 73 168 81 28 36 124 86 51 115 112 157 75 182 104 97 84 129 196 77 179 154 125 131 200 106 82 74 243 65 13 204 149 114 233 51 103 128 139 168 57 80 170 87 155 251
175 47 200 98 216 75 121 68 112 188 217 109 123 184 176 177 89 220 0 65 150 102 140 209 102 179 73 105 117 126 120 148 85 233 171 35 237 111 104 108 155 49 168 139 100 168 30 92 86 199 163 127 34 235 118 57 155 87 25 29 142 93 65 108 144 152 65 210 111 93 99 132 225 66 174 145 98 163 196 89 111 58 243 65 1 200 195 138 236 71 101 123 139 171 69 63 167 89 157 251
199 48 208 98 167 47 117 47 100 178 123 233 111 177 174 177 95 212 4 60 173 104 139 207 79 135 71 141 133 141 138 132 80 248 170 18 237 110 115 110 153 81 133 144 92 156 22 93 91 194 194 129 37 237 110 58 117 72 26 34 115 83 72 122 150 151 64 207 102 91 105 135 222 100 176 171 85 161 209 79 146 40 253 77 12 197 215 142 200 90 104 150 147 164 64 90 166 86 145 253
218 53 202 111 129 70 128 50 81 188 72 82 114 165 166 180 80 212 9 56 185 106 171 206 46 45 71 149 124 137 159 193 68 236 162 88 249 116 126 157 167 93 101 116 118 120 27 97 93 192 221 125 31 224 181 50 140 75 18 41 125 46 78 130 146 157 56 192 110 91 108 142 221 96 175 112 71 177 201 90 174 28 250 89 3 204 203 124 233 86 118 154 153 144 33 66 165 83 200 253
226 89 107 110 172 78 106 143 74 144 137 139 110 161 136 48 160 177 3 153 156 103 83 197 186 59 73 164 160 157 122 239 83 107 147 114 26 200 119 53 225 39 188 89 85 205 39 119 110 224 62 116 228 60 122 247 116 4 35 32 123 98 55 178 137 145 33 41 81 83 58 108 181 122 197 150 182 64 195 202 128 51 67 62 58 201 116 243 222 83 106 31 122 170 32 147 120 164 187 210
225 81 86 112 181 69 104 130 86 136 116 157 99 139 143 73 120 162 6 136 133 102 75 197 186 49 71 162 129 174 122 251 104 113 149 121 28 199 113 39 226 42 164 111 121 203 42 116 156 214 81 119 185 90 122 194 135 33 30 34 136 90 83 210 64 146 25 9 87 83 61 115 185 124 195 123 196 55 195 199 140 60 68 76 40 201 125 242 225 82 69 30 93 171 32 151 74 158 198 192
225 88 160 112 189 62 103 96 93 125 193 134 104 123 144 120 68 162 3 91 127 106 67 199 185 48 83 160 28 183 122 244 104 100 153 113 37 194 108 50 223 45 167 147 144 207 44 114 127 204 98 121 153 85 119 112 110 131 32 38 151 83 84 252 51 147 23 33 81 84 63 122 166 89 194 89 206 28 196 154 138 55 57 72 35 201 107 225 227 77 72 30 112 171 32 155 82 150 177 178
231 85 200 121 195 63 108 59 121 163 184 145 112 157 138 202 32 212 5 58 121 101 62 200 187 139 92 155 31 151 114 254 81 109 140 91 40 157 105 195 124 49 164 206 87 222 63 110 101 194 101 110 82 49 105 86 84 165 22 26 163 92 119 246 85 144 39 90 92 83 71 134 151 96 197 99 205 28 206 126 127 61 40 63 30 202 110 155 236 81 68 30 94 170 49 169 117 141 156 175
230 87 198 111 207 79 120 46 130 204 195 134 117 151 134 225 27 186 0 56 112 98 94 201 183 128 81 164 30 136 105 242 80 76 151 72 48 136 125 184 103 38 148 205 115 183 41 106 85 203 95 98 66 35 135 136 47 149 35 45 135 77 112 242 104 151 65 81 92 85 45 140 163 104 187 85 155 55 196 115 120 71 15 70 28 203 137 110 229 84 84 31 116 172 30 169 120 125 127 192
224 86 198 112 213 60 113 60 116 197 237 98 103 133 142 227 57 119 0 49 83 97 116 203 195 82 72 108 24 158 102 249 88 131 157 54 42 114 130 61 132 42 154 180 126 171 34 102 86 211 96 91 70 46 114 153 61 138 37 38 124 81 116 245 95 154 74 97 89 88 20 136 188 98 189 128 119 105 176 86 130 77 52 80 20 203 146 122 226 90 57 67 137 177 20 164 123 101 132 235
228 79 203 119 220 49 104 71 88 194 187 79 96 138 164 209 90 111 5 44 70 103 105 204 204 80 73 55 49 141 109 213 97 228 158 24 51 106 129 53 141 45 134 142 123 185 26 100 97 210 106 107 60 106 117 134 139 108 39 21 143 89 121 238 59 151 81 148 69 90 25 134 193 81 192 140 113 121 188 70 120 80 183 86 16 200 132 135 229 85 53 133 143 173 33 169 123 82 136 252
203 71 208 128 226 150 103 61 89 212 209 69 67 181 181 203 103 159 13 52 91 111 137 204 199 110 77 98 68 168 117 146 96 249 165 10 147 105 124 119 147 35 140 76 126 175 34 96 98 204 116 127 36 183 130 45 147 91 38 30 148 84 94 213 39 146 71 199 72 91 58 139 191 51 184 151 60 135 203 75 111 90 254 82 23 198 140 115 244 76 87 149 141 164 20 168 119 72 147 250
178 67 206 131 206 120 104 64 114 209 193 93 117 210 181 203 134 225 12 63 115 115 167 204 196 162 76 165 98 146 127 130 95 227 171 29 238 100 110 145 156 45 160 46 132 149 27 91 99 192 127 125 53 231 121 79 134 105 28 39 169 80 98 189 51 147 58 216 84 91 93 133 201 39 182 170 43 167 204 78 119 97 248 77 1 197 178 148 242 88 110 142 140 166 13 137 116 70 146 246
193 71 199 127 166 60 112 49 115 196 130 223 104 193 177 205 151 225 0 63 142 115 179 203 176 164 75 182 80 156 144 180 91 199 169 15 240 93 109 135 128 66 140 112 130 134 31 93 101 172 149 124 62 222 140 82 72 110 33 31 106 66 113 166 90 150 68 202 81 91 107 124 223 49 184 160 108 176 212 105 118 84 250 80 35 197 204 157 226 105 111 165 141 160 39 153 115 70 128 254
201 76 197 129 141 85 117 52 93 182 69 140 101 167 175 211 126 223 0 54 176 112 191 202 137 53 75 177 115 129 161 248 81 169 162 66 241 89 119 147 125 69 145 183 119 130 41 99 96 154 170 138 28 165 159 60 116 108 47 23 118 36 124 143 130 151 66 185 100 90 105 124 224 39 180 141 128 180 207 153 125 63 249 89 64 197 205 135 205 107 91 172 140 139 35 125 115 71 154 252
218 83 126 115 167 67 112 135 53 150 115 122 118 134 140 60 137 120 3 121 144 86 92 196 182 61 71 181 116 160 117 214 90 118 143 120 18 171 133 50 221 29 199 101 84 207 39 116 89 220 45 119 151 76 108 163 169 3 68 30 131 100 54 179 141 146 65 15 74 80 63 110 194 139 198 113 197 66 204 176 137 45 92 64 10 200 111 252 218 101 146 26 118 171 31 197 103 162 153 194
216 84 66 114 177 54 122 108 63 149 113 159 114 117 143 90 86 90 5 98 90 90 89 197 183 48 72 183 105 166 117 239 95 126 143 129 20 161 125 57 227 35 181 99 113 209 43 114 115 212 61 119 111 109 112 114 125 19 60 29 144 92 89 204 76 147 71 33 79 81 64 110 146 156 196 76 183 54 204 191 140 58 68 78 5 198 122 254 220 108 85 26 95 171 29 200 74 161 159 216
215 89 117 113 187 45 130 61 70 145 190 134 111 114 145 140 47 69 5 54 99 106 82 200 182 51 76 183 29 187 118 248 95 114 145 108 32 151 116 54 225 39 198 107 120 208 46 112 96 202 85 119 95 71 126 60 83 96 60 30 171 85 110 240 58 147 69 50 72 81 61 113 123 112 195 55 167 25 203 148 135 59 46 75 24 197 110 241 222 110 80 26 124 171 28 201 89 157 142 219
217 83 199 110 191 44 108 54 141 151 169 139 107 130 141 215 40 200 3 56 86 110 83 200 192 128 95 179 38 176 111 231 84 103 147 98 47 131 108 131 171 42 155 144 110 186 41 110 97 201 94 124 100 36 145 106 57 159 88 24 152 89 135 247 67 154 86 102 83 84 31 104 162 113 194 95 110 22 202 155 148 64 41 77 4 196 110 192 222 122 90 32 113 173 41 206 113 169 146 202
213 81 207 107 201 61 106 47 154 154 184 143 101 156 143 240 26 168 6 61 68 111 115 199 185 132 82 176 33 172 107 243 83 63 158 77 48 123 111 128 138 39 116 137 132 162 41 105 92 210 91 112 107 29 112 138 12 154 87 38 153 73 140 243 96 160 98 98 92 83 57 105 155 99 190 95 70 59 195 161 141 92 67 80 20 197 129 135 216 116 100 21 124 173 41 210 114 162 135 199
194 77 201 108 206 42 112 68 143 153 205 116 83 174 160 243 57 96 6 53 38 113 108 199 189 122 72 146 25 181 107 250 86 89 157 49 53 111 123 30 153 42 101 132 142 162 37 100 99 210 94 84 115 32 99 119 58 127 70 30 154 76 157 246 113 157 112 122 76 82 89 103 188 94 194 147 48 96 162 142 149 107 141 91 17 202 135 127 231 121 86 53 135 171 75 208 114 151 134 223
191 71 201 118 209 43 113 58 107 187 189 71 78 176 183 225 105 91 0 37 30 113 111 199 198 125 73 93 53 127 118 203 94 169 155 22 43 106 129 58 152 37 97 114 154 170 23 98 105 195 102 63 105 119 135 117 103 102 65 24 148 88 149 243 105 145 140 175 48 83 115 107 178 65 193 166 80 125 171 132 141 97 234 99 9 199 123 115 230 124 79 135 142 162 146 213 112 139 139 252
183 68 210 126 206 129 108 52 86 217 208 56 66 190 187 214 134 145 0 39 56 113 127 200 205 134 78 142 72 165 133 134 99 200 152 17 89 109 116 143 150 25 131 50 130 149 41 94 101 179 107 90 90 204 129 52 104 93 76 33 163 83 143 220 83 143 147 214 66 86 132 111 175 30 187 165 49 121 203 141 136 92 254 93 33 194 123 116 224 114 71 168 144 160 149 204 110 130 139 253
174 70 199 126 181 153 110 52 92 215 173 67 123 213 170 212 174 217 0 56 88 114 159 200 210 182 80 214 77 150 146 169 96 169 128 51 189 108 97 166 152 32 146 25 120 127 24 91 102 161 112 127 99 214 110 91 115 115 67 28 165 64 145 194 58 153 145 214 84 88 133 102 180 18 190 177 58 111 207 131 140 103 251 83 32 201 152 143 234 112 70 157 144 172 109 161 108 121 135 254
188 75 188 124 154 115 111 55 100 204 133 172 118 220 160 213 192 221 5 63 124 117 182 201 192 189 80 196 34 171 154 248 86 135 115 35 241 95 99 167 122 46 115 98 157 143 34 95 102 133 127 127 108 190 96 75 37 137 49 28 119 35 158 166 49 157 152 194 77 89 116 98 226 10 190 156 169 136 209 136 131 107 254 92 56 203 184 161 219 120 91 174 138 169 97 170 108 114 139 252
190 79 198 122 146 130 106 59 98 183 66 162 116 211 163 218 163 220 15 55 157 120 189 202 157 79 80 192 65 147 158 245 75 121 131 60 244 79 116 169 119 46 132 162 157 170 27 101 93 107 143 121 97 139 16 67 81 120 54 51 137 8 150 139 61 151 136 182 100 89 96 110 223 11 178 160 191 155 208 175 136 97 250 112 53 191 200 150 161 121 97 187 132 144 73 140 109 110 155 248
216 104 126 114 164 56 120 99 52 160 105 87 103 112 135 91 110 75 0 84 117 103 112 197 175 58 70 183 97 142 112 213 96 123 142 113 14 133 136 83 220 30 145 126 137 209 41 113 74 212 39 120 94 86 82 57 167 4 81 29 149 100 90 188 145 146 130 17 76 80 71 119 165 111 199 108 140 66 206 147 154 72 185 62 32 198 140 242 214 129 190 19 119 171 28 202 109 153 173 220
215 107 56 114 175 51 144 75 60 165 134 129 109 120 139 108 66 85 0 71 47 108 106 198 180 63 73 188 97 143 112 213 83 110 142 123 19 126 129 63 227 33 133 119 134 212 45 111 92 208 51 118 89 114 110 49 95 7 70 26 150 92 117 204 85 147 150 42 82 81 73 113 108 129 197 79 103 50 205 147 150 78 146 77 39 198 155 246 216 137 110 19 121 171 27 205 108 152 170 228
215 101 86 113 185 49 161 53 70 168 213 103 116 141 155 146 48 90 1 58 68 120 92 201 182 85 70 191 26 178 113 224 79 89 141 107 37 122 119 22 226 32 161 113 99 195 48 110 90 205 83 116 89 60 125 46 51 60 68 27 164 87 141 233 54 148 152 47 78 82 69 113 92 125 195 73 76 18 203 133 141 97 127 74 14 198 149 237 218 140 81 19 118 171 26 207 139 147 156 221
218 101 156 112 187 59 169 82 109 143 192 93 107 173 148 204 55 195 2 67 85 107 104 199 182 140 82 191 49 183 108 245 91 77 146 81 50 112 120 35 199 39 155 99 104 134 50 109 106 206 98 143 102 26 108 94 44 143 101 23 145 78 139 216 73 145 172 70 80 78 83 110 153 124 193 96 46 31 210 156 137 119 113 79 17 196 117 166 216 138 101 25 121 173 58 220 145 141 153 212
205 97 165 122 193 51 154 63 114 108 176 128 97 182 156 236 44 198 3 73 87 117 108 198 184 170 75 185 62 199 111 254 87 78 146 65 39 119 113 59 154 43 118 113 123 161 47 103 105 205 94 174 91 46 125 79 8 136 134 24 158 82 144 224 62 146 175 103 83 79 122 103 160 104 190 132 67 74 211 176 151 143 189 87 27 193 131 115 217 136 115 12 124 172 73 224 148 149 138 177
161 92 147 123 195 53 177 76 126 121 184 118 83 178 173 251 50 161 5 67 56 123 84 196 186 164 73 177 32 200 117 237 81 90 146 47 66 117 130 66 155 46 99 147 130 168 39 99 109 183 96 171 90 34 130 48 43 100 137 36 191 88 150 245 46 147 188 155 65 80 161 92 189 108 192 154 85 108 173 175 162 154 254 109 39 198 138 118 220 144 109 43 130 169 153 223 151 161 117 169
141 89 151 129 193 61 190 48 131 200 200 57 74 172 186 242 89 159 8 48 18 120 124 195 186 168 76 161 33 146 131 193 86 117 163 36 51 110 130 99 145 40 103 159 151 132 33 97 105 145 105 129 106 115 117 78 63 98 98 45 140 82 128 251 47 152 220 200 55 80 173 90 152 69 191 190 102 159 177 185 139 140 254 127 59 198 132 103 252 149 91 137 135 162 224 224 153 170 114 203
138 89 195 126 181 82 179 50 113 234 227 51 65 194 182 237 146 185 8 37 28 113 119 196 189 191 78 192 72 165 152 153 100 133 149 27 26 108 100 137 139 37 154 101 126 105 52 94 96 117 113 119 113 192 126 69 71 110 74 39 173 62 157 228 55 162 223 217 97 79 170 87 104 26 189 182 96 128 215 205 128 124 241 119 89 194 131 109 217 147 59 184 140 165 230 205 154 172 106 238
136 92 214 119 152 166 178 51 86 215 188 68 114 226 167 236 186 227 5 42 79 118 112 198 199 209 77 208 74 154 166 198 97 121 76 48 119 105 70 166 143 50 166 70 132 133 13 92 101 102 118 136 100 166 119 80 104 136 59 37 122 46 174 195 44 168 210 210 109 78 165 79 126 16 196 158 123 59 218 176 135 125 242 99 65 198 147 114 230 152 56 170 141 180 208 151 153 167 103 249
145 95 206 125 134 194 178 61 76 210 138 135 109 214 162 235 192 224 1 53 111 137 128 200 199 190 77 179 41 174 163 254 78 103 43 28 231 88 76 188 125 66 119 116 199 169 26 97 107 84 126 133 99 156 136 55 43 167 48 60 131 42 170 160 27 163 204 198 84 79 158 93 210 11 191 160 184 97 214 139 134 132 246 104 67 189 172 139 205 158 91 180 136 170 191 154 152 159 125 252
139 97 212 124 139 193 178 57 82 201 67 157 105 173 166 239 179 231 0 59 114 155 149 201 187 123 79 199 26 174 152 238 65 99 84 38 246 65 114 196 136 72 131 145 186 175 34 105 100 65 134 124 115 156 229 68 64 142 70 89 172 43 123 129 26 153 177 193 105 81 149 126 236 32 170 162 184 149 217 147 149 134 213 126 58 161 189 148 192 153 101 198 130 137 187 124 152 153 132 253
212 105 105 116 160 47 100 83 45 164 160 70 104 112 135 103 85 55 4 62 91 112 112 188 160 66 73 209 124 112 111 243 98 90 151 112 17 99 143 86 225 40 83 135 203 205 42 110 76 206 32 122 93 70 56 50 107 6 90 31 156 101 123 155 149 146 131 29 77 82 72 132 113 82 201 146 64 64 205 136 173 121 253 59 94 198 159 244 211 148 192 25 123 172 28 207 87 142 190 239
212 118 68 117 169 53 118 58 49 169 193 106 101 128 152 112 60 65 0 67 36 105 97 188 167 105 76 212 112 118 111 216 87 84 151 111 25 92 139 39 229 40 87 134 171 194 47 109 94 206 39 119 100 102 117 47 61 1 76 36 142 95 130 167 101 147 138 33 85 83 70 124 88 85 199 126 75 45 202 126 171 111 237 74 131 198 166 247 212 148 141 24 146 171 29 213 83 139 191 242
211 118 92 118 178 61 132 35 58 175 239 86 114 157 173 145 61 80 0 76 50 96 78 190 172 153 71 213 22 164 112 206 89 85 146 98 49 93 131 9 228 38 127 127 104 160 50 108 104 210 78 115 97 63 125 49 32 33 71 46 127 90 144 197 62 148 136 40 82 84 65 121 87 116 198 116 94 12 200 135 171 139 223 71 124 198 158 240 214 144 111 24 112 171 30 219 102 134 188 231
210 119 137 121 181 64 148 50 49 196 235 65 118 165 177 192 53 198 3 82 85 109 92 188 168 183 66 204 55 179 112 208 91 86 163 81 64 115 111 27 183 38 114 129 116 142 61 107 102 205 99 100 102 24 135 48 22 111 96 46 155 86 139 210 67 152 125 60 86 73 132 137 138 123 202 110 77 40 208 137 144 158 228 55 78 203 118 162 227 156 109 23 122 166 56 214 99 128 185 227
196 115 138 132 185 55 137 43 62 157 214 116 123 147 188 216 55 231 10 83 103 113 83 187 179 185 68 206 94 204 116 198 86 102 156 64 79 128 117 30 139 50 104 121 154 156 46 102 103 176 95 167 110 34 121 54 4 107 142 34 149 101 146 208 69 150 141 119 82 79 134 111 181 99 196 131 129 93 216 147 174 150 236 67 142 198 127 112 223 156 129 17 122 173 88 221 102 136 140 177
140 112 108 123 183 59 161 73 96 168 223 116 132 123 200 215 29 225 13 80 85 117 74 185 182 175 74 194 23 204 119 169 73 102 148 50 88 128 154 119 144 56 102 157 163 147 55 98 110 124 99 214 103 45 112 50 10 91 167 39 170 97 136 219 79 155 158 180 73 84 128 81 205 101 196 138 153 117 183 139 182 146 253 103 182 195 135 124 213 153 101 47 126 179 189 226 107 147 96 138
115 111 111 131 177 64 162 60 133 238 225 53 124 127 205 186 50 225 4 66 36 118 139 183 179 180 79 198 30 192 128 187 79 101 155 49 67 112 151 129 139 55 95 212 171 114 95 97 107 77 113 220 100 122 113 48 35 115 127 30 125 71 101 229 107 159 183 209 82 82 115 72 149 64 195 157 121 166 183 139 144 151 253 145 185 195 136 122 253 140 61 144 130 171 196 234 111 156 90 146
121 112 179 129 164 63 166 66 139 250 244 65 103 165 204 160 136 222 0 40 26 124 125 184 186 191 77 211 49 191 152 206 104 115 129 24 62 101 102 124 132 59 128 197 161 115 128 95 100 59 127 173 113 146 126 60 44 138 110 31 170 51 145 220 130 145 172 216 121 76 117 73 48 26 195 171 137 138 215 149 131 155 251 156 208 193 133 127 228 134 63 202 132 165 163 221 111 162 88 170
119 112 219 119 137 162 192 60 110 231 228 108 115 195 205 138 179 234 1 25 66 143 88 186 199 195 70 185 85 181 174 211 105 114 44 27 139 100 42 183 131 68 137 169 189 160 61 94 108 61 128 116 117 117 120 60 48 158 116 103 112 63 177 199 111 121 147 219 113 70 138 67 90 25 202 151 177 65 214 128 140 153 252 134 204 181 134 123 196 152 109 190 131 174 173 171 108 166 89 180
119 111 202 128 123 206 182 56 79 231 160 150 89 188 210 120 173 223 27 39 83 170 85 188 206 183 67 166 85 171 169 246 85 94 3 16 224 92 21 203 113 81 96 192 208 173 23 100 120 56 120 116 111 138 113 55 23 194 98 176 140 106 161 167 76 111 150 216 83 70 164 80 194 28 192 145 176 106 210 106 130 149 211 115 209 147 141 146 126 162 126 194 129 169 180 179 102 171 97 189
110 110 183 118 132 207 162 43 65 223 74 175 70 169 214 114 181 236 51 62 61 191 101 190 209 151 69 193 51 180 150 253 76 79 41 31 236 77 67 195 128 92 111 200 107 140 28 108 117 43 111 139 112 137 141 61 42 183 101 182 190 147 95 134 61 116 148 210 114 72 177 112 253 55 167 154 192 158 214 116 136 147 150 112 181 108 147 160 117 149 75 210 127 145 221 154 98 174 81 207
201 102 100 114 154 39 85 118 49 160 214 86 125 118 198 98 66 83 24 53 85 119 94 170 147 81 76 167 155 72 113 251 91 82 147 118 15 88 150 29 225 42 89 130 217 196 44 108 77 204 23 129 89 41 31 66 91 10 114 27 147 112 136 144 151 147 83 53 69 82 65 140 73 88 206 105 68 65 213 140 195 146 254 58 84 201 154 239 206 180 154 30 119 173 30 201 91 137 167 223
200 112 108 115 159 50 89 87 38 161 227 109 102 134 215 111 63 68 7 70 46 119 79 167 155 147 77 179 141 93 113 241 93 91 139 101 26 78 147 8 225 49 96 136 195 171 48 107 92 205 22 128 93 86 101 65 60 1 100 44 141 105 148 163 126 148 87 49 76 84 59 141 82 79 205 77 114 45 214 125 184 128 254 73 87 199 148 241 208 171 161 29 143 171 33 210 81 132 176 241
199 109 131 114 165 60 93 37 30 165 219 102 112 159 214 153 69 86 11 76 60 111 64 168 161 208 76 186 41 143 114 250 97 111 125 83 53 79 141 37 225 60 122 133 145 138 51 107 105 210 64 124 98 72 147 65 34 18 92 61 120 97 165 205 89 148 91 69 74 84 62 140 93 109 203 60 155 10 216 123 182 149 245 70 111 196 134 233 210 161 155 29 113 171 35 219 81 127 186 243
201 109 154 111 171 48 80 13 57 231 237 92 111 128 230 195 50 205 3 90 51 150 69 168 170 216 62 190 68 189 120 211 97 106 119 86 79 88 119 26 181 69 94 134 166 166 44 106 102 207 89 64 91 32 54 47 12 70 114 70 138 94 154 221 59 161 83 97 80 80 82 131 128 116 213 50 105 34 209 122 185 144 254 50 115 198 102 184 204 144 139 24 121 167 47 202 50 135 186 218
190 108 170 119 175 64 72 17 104 224 248 120 137 128 231 218 59 239 4 87 63 138 66 167 180 177 65 218 106 195 122 192 98 105 108 68 128 99 114 23 131 82 85 135 174 143 57 101 102 157 90 116 107 12 165 55 13 77 134 43 168 91 167 194 63 154 98 148 79 86 80 90 179 93 205 40 149 98 217 130 199 133 252 47 172 198 110 128 212 142 136 26 121 170 95 207 50 144 137 194
137 107 158 101 169 56 82 57 148 228 253 110 179 118 236 218 22 236 1 85 70 126 85 166 176 185 72 219 23 186 116 144 81 95 80 53 97 100 137 163 133 87 86 141 181 135 72 99 114 92 102 123 106 66 110 64 1 92 167 46 160 75 148 180 74 147 103 193 88 91 71 45 208 81 206 87 163 106 192 127 185 132 246 69 203 189 119 132 202 128 91 50 125 173 188 214 49 154 116 165
119 106 148 117 162 63 76 61 154 248 235 58 182 120 243 200 25 236 0 74 53 127 137 164 173 198 77 218 52 204 115 161 80 89 58 56 86 87 139 162 130 86 72 167 206 145 103 99 119 55 125 156 96 137 98 49 37 121 151 55 114 71 115 185 106 125 137 205 102 91 57 39 187 53 206 81 114 128 193 112 143 143 247 117 195 191 123 135 197 100 65 139 131 162 169 229 48 161 112 156
135 105 174 128 155 101 125 59 136 246 237 61 157 125 244 190 114 229 9 44 40 142 129 165 187 174 74 222 30 199 138 227 104 92 40 25 156 82 120 140 125 83 95 180 213 158 161 98 112 56 143 143 98 101 133 62 45 133 163 64 136 92 143 193 134 81 159 213 120 84 54 55 115 31 201 149 150 129 214 89 147 148 255 153 208 197 122 139 239 90 87 207 132 153 127 221 45 164 98 150
130 104 194 122 136 176 183 52 112 243 253 96 141 115 242 185 161 234 47 20 53 160 98 167 194 176 65 186 104 201 169 244 104 87 9 30 198 93 59 204 122 70 110 197 222 170 156 98 114 70 140 99 102 90 64 48 2 144 196 123 151 121 171 192 122 50 147 228 102 76 71 56 155 39 200 163 197 105 215 67 162 142 250 153 188 166 119 156 254 113 121 205 127 172 141 173 39 168 97 126
123 101 181 130 121 184 122 43 87 251 198 125 97 141 241 180 150 221 104 34 58 173 81 169 188 183 60 149 118 178 170 241 87 79 1 42 188 106 2 210 103 64 74 218 185 170 64 103 121 69 117 125 102 124 23 52 2 167 160 175 169 157 158 169 85 72 153 229 89 72 106 53 212 49 190 113 181 137 216 65 146 141 163 130 172 110 115 170 232 130 119 204 122 200 137 184 31 174 97 118
117 98 167 107 124 203 40 38 67 229 93 147 66 206 243 181 156 236 147 64 39 178 75 171 185 148 60 149 110 181 149 250 89 82 28 64 171 109 32 191 120 76 79 198 61 158 19 110 120 58 94 133 103 75 23 50 27 167 125 165 181 193 116 135 66 116 167 215 136 71 133 64 242 60 170 134 231 156 213 79 147 147 90 113 127 77 111 164 177 118 71 211 122 209 150 162 25 180 88 136
204 110 108 109 150 49 87 145 70 156 206 105 125 116 205 100 59 81 36 50 89 154 88 154 140 84 74 65 162 52 112 245 90 114 138 127 16 102 137 8 223 28 81 124 170 175 45 107 72 202 22 141 73 29 30 52 71 12 124 29 118 118 129 125 151 147 77 79 74 80 58 134 70 96 212 20 94 69 202 150 200 137 245 60 111 206 142 243 202 119 119 29 105 173 29 205 89 141 152 232
204 106 133 107 151 56 86 123 63 154 228 105 98 121 206 114 70 60 14 66 64 170 78 152 150 153 71 79 151 85 112 244 96 107 117 105 25 93 133 11 222 51 78 129 190 155 50 107 89 198 15 142 78 78 62 61 42 4 110 42 141 104 160 153 147 148 86 82 78 81 66 125 87 88 211 1 122 49 210 146 183 127 255 76 101 201 138 242 204 114 157 28 113 172 30 212 86 140 159 235
203 100 148 105 154 60 86 74 56 157 203 108 104 129 210 156 68 98 16 74 73 180 75 153 153 206 74 88 57 133 113 240 79 98 91 89 53 92 129 49 226 87 80 129 197 152 52 107 105 199 57 140 87 74 115 69 22 11 99 57 145 91 179 208 115 149 98 101 75 82 90 118 102 104 210 0 141 13 218 139 173 137 253 73 102 195 130 233 206 112 162 28 107 170 30 218 85 137 174 229
217 101 152 111 159 66 91 32 132 210 225 110 100 139 195 226 55 212 11 91 22 176 87 154 162 212 67 114 74 194 120 252 104 94 43 80 71 67 139 26 200 103 72 107 173 162 60 104 112 196 76 101 93 32 36 73 23 51 90 70 114 74 176 218 73 140 80 134 76 85 64 125 121 99 215 0 115 30 215 122 189 132 239 65 101 193 107 180 221 96 152 25 103 175 57 227 84 126 152 189
202 101 170 134 162 79 87 19 177 234 250 102 130 154 181 248 55 242 7 88 22 166 68 153 176 188 62 166 80 185 126 252 114 87 28 74 98 73 124 53 137 113 53 174 146 144 75 101 107 157 81 110 94 28 111 58 43 60 103 85 157 69 181 195 73 138 87 169 78 85 52 86 151 95 209 0 151 96 215 126 185 138 254 55 87 203 116 133 200 94 134 31 104 164 104 226 77 139 111 189
142 101 182 124 152 80 95 34 202 241 239 97 185 133 191 251 32 236 19 83 38 155 96 152 171 200 63 220 57 183 118 204 96 80 8 64 84 74 124 198 128 112 67 190 163 149 64 100 117 111 94 41 101 84 58 57 18 94 160 114 148 69 156 184 73 126 71 198 101 86 37 41 189 76 213 66 152 99 197 138 160 143 255 58 93 191 122 129 174 91 88 43 112 163 145 224 68 155 131 181
122 100 179 149 143 94 83 47 175 241 237 93 194 118 224 242 33 239 58 69 47 152 112 152 169 204 70 217 61 194 110 152 84 75 1 73 131 65 119 199 127 111 70 153 207 165 53 102 127 87 114 88 110 117 32 63 40 112 141 143 102 96 145 189 87 92 110 202 113 87 23 31 208 57 213 48 110 100 202 125 132 145 250 84 130 194 120 125 141 79 83 118 125 168 142 229 62 164 131 180
136 98 169 161 142 143 133 41 129 234 235 78 180 119 236 245 93 238 108 46 40 158 108 152 190 181 74 218 61 193 132 179 96 68 0 49 208 63 134 175 126 102 95 121 222 161 110 101 119 83 130 125 109 77 22 69 70 120 113 145 114 124 153 192 103 50 166 204 116 87 10 48 203 38 196 143 140 118 215 82 150 139 250 116 163 207 118 112 156 74 94 198 130 177 123 211 58 164 104 177
123 95 163 157 131 197 174 50 100 241 249 71 170 86 216 250 145 247 139 34 46 164 90 153 199 176 71 190 146 199 165 217 90 66 3 67 198 72 92 200 123 71 120 135 221 159 182 101 113 83 125 109 103 72 1 56 27 131 136 117 154 124 165 188 83 42 156 213 105 82 17 50 216 43 184 153 184 124 223 56 160 134 214 135 126 158 118 166 221 93 77 212 122 205 140 150 56 162 101 148
113 94 167 176 111 199 91 39 84 250 231 90 140 84 202 250 139 234 138 47 51 165 76 155 192 170 67 121 155 194 165 211 82 76 17 86 142 86 27 198 101 56 97 167 197 183 81 105 117 83 98 153 105 80 36 51 9 119 128 88 170 140 153 163 37 90 142 212 103 73 50 42 224 69 180 104 183 141 232 56 142 139 115 136 135 91 114 179 254 111 72 205 112 239 148 150 53 163 101 129
113 93 174 155 102 220 17 45 73 230 121 118 118 145 207 251 113 248 125 68 37 164 66 156 193 148 65 119 137 186 142 213 99 89 31 92 100 93 71 191 115 73 98 158 146 208 37 112 119 82 73 123 113 34 24 50 27 104 120 75 148 182 155 130 8 148 154 201 143 66 85 44 217 68 173 122 219 142 220 56 155 148 65 132 150 76 109 145 228 108 77 198 106 253 113 121 51 166 117 141
200 90 107 110 149 72 84 133 62 157 177 131 125 114 89 84 60 85 32 47 90 149 96 148 134 75 70 28 163 60 109 253 100 117 142 137 24 119 115 9 226 11 63 119 71 149 46 107 70 199 29 150 79 34 54 74 24 13 130 38 84 111 135 130 152 147 87 109 93 77 57 120 89 85 216 20 97 73 171 137 182 122 250 62 188 210 113 246 199 63 110 28 90 174 26 211 83 126 143 223
201 83 125 105 148 72 87 126 83 155 234 107 106 94 82 91 77 56 6 62 84 151 89 148 145 136 62 29 150 99 109 227 103 119 114 121 32 112 108 36 227 48 68 118 115 145 50 107 97 190 18 154 79 78 33 74 13 6 116 41 129 91 169 148 156 148 75 118 95 78 85 124 99 80 216 32 121 54 180 146 182 126 255 79 214 203 120 243 201 74 143 28 86 172 24 215 84 132 144 230
201 93 129 100 149 69 87 107 99 157 225 111 113 78 129 126 66 103 7 85 70 163 95 151 146 173 67 30 64 143 110 143 60 96 81 114 58 110 106 52 234 105 73 116 167 176 53 107 120 185 61 152 69 67 28 73 15 9 104 46 159 73 179 201 126 149 75 124 91 79 130 127 112 91 215 37 135 18 190 155 172 132 254 77 166 196 124 233 203 84 137 28 95 170 21 217 86 134 158 245
205 91 165 113 149 90 85 64 192 186 239 111 133 86 81 147 54 195 26 90 27 155 129 149 153 194 72 29 63 182 115 138 97 70 81 98 74 116 115 70 203 86 77 118 162 152 69 103 118 170 72 133 76 21 1 69 12 59 89 90 120 45 186 209 99 151 57 143 86 80 89 127 115 78 209 31 109 15 191 127 172 126 252 70 149 203 115 180 205 99 128 27 76 180 24 218 92 131 153 216
187 92 148 159 152 71 94 29 189 220 250 87 152 144 61 172 43 228 68 90 20 163 76 149 173 213 60 85 37 180 126 194 117 68 60 106 46 115 126 111 136 91 73 181 155 157 62 101 106 156 74 115 80 67 39 72 45 61 68 167 94 68 176 184 106 156 81 173 86 73 53 100 131 99 206 63 151 76 183 112 169 131 255 74 178 219 123 153 152 94 127 34 77 161 89 216 81 142 98 205
123 92 149 168 138 97 114 17 180 236 208 110 197 134 87 181 43 228 117 81 28 172 95 148 168 199 53 188 94 207 124 239 103 71 60 105 92 109 133 218 129 89 122 207 181 159 61 101 113 139 78 32 90 91 32 67 12 99 114 190 95 101 143 161 102 144 70 201 110 69 21 58 173 84 215 98 142 86 168 120 159 132 253 79 145 202 122 152 165 99 80 35 89 167 101 215 67 153 129 180
105 90 158 194 126 114 82 41 163 244 248 169 200 104 157 178 50 236 141 62 31 173 84 148 158 177 62 190 47 204 117 194 84 76 72 118 209 95 110 214 135 92 145 200 191 143 77 103 126 120 87 125 98 72 23 71 2 110 95 179 87 126 157 143 96 108 110 205 120 73 14 35 188 67 213 66 108 84 176 111 152 129 243 85 75 202 110 135 230 98 64 102 110 201 120 224 58 157 134 172
125 86 147 196 130 127 77 44 137 241 252 153 197 116 188 187 83 235 134 48 26 169 79 149 171 188 75 192 115 202 137 151 88 82 61 100 233 80 113 197 139 88 162 177 187 130 111 103 120 92 92 166 105 65 43 56 62 130 53 192 130 107 158 129 94 67 169 194 120 79 15 35 206 38 186 149 125 97 188 71 169 133 251 95 88 214 100 102 153 84 74 189 121 233 110 208 57 154 115 180
119 85 129 189 122 177 76 67 107 239 239 115 205 94 162 193 141 242 117 51 41 170 60 150 179 175 81 176 195 196 167 142 80 93 38 123 182 69 73 182 131 58 191 160 203 154 151 102 114 70 84 99 119 53 43 72 59 152 72 179 109 65 157 131 78 56 149 186 117 78 13 32 190 37 166 121 177 95 202 62 156 138 200 110 136 152 101 182 141 78 55 216 113 251 115 146 61 153 120 164
119 85 123 224 97 210 33 48 81 245 248 135 202 70 143 189 145 229 108 64 49 178 56 150 182 147 79 100 197 206 161 132 81 92 21 130 150 63 29 175 95 47 197 168 210 197 23 107 121 71 61 135 117 26 37 68 16 108 74 155 127 99 142 136 53 79 130 184 110 66 19 29 204 80 167 120 206 100 216 72 126 136 106 127 194 78 100 199 167 80 47 206 97 248 153 144 66 157 108 146
132 87 124 218 78 215 46 50 67 237 143 175 196 102 155 186 88 244 109 73 30 186 62 151 197 162 76 133 135 185 131 161 111 75 12 111 103 61 111 180 98 75 222 168 204 219 19 113 129 86 39 108 99 30 40 60 5 67 76 168 111 191 171 131 42 108 153 184 127 54 31 37 209 79 171 129 205 111 197 63 150 129 95 139 186 77 95 149 212 77 57 187 86 233 97 114 69 163 127 154
