129 129 163 254 215 72 254 94 58 176 236 82 136 177 217 165 201 137 244 167 145 235 247 255 187 108 47 118 195 63 73 213 174 147 181 168 72 199 182 46 13 189 139 113 74 188 83 95 208 91 125 144 76 117 238 85 172 7 144 176 166 236 173 76 252 140 92 163 125 83 173 207 98 115 45 159 198 61 14 85 120 125 102 54 196 129 49 63 114 167 121 193 238 32 88 161 252 13 78 169
126 141 180 254 219 56 254 106 60 166 217 93 118 181 220 143 86 134 249 165 146 123 251 254 186 96 109 120 169 83 89 216 175 133 167 151 58 161 182 46 24 190 205 113 73 212 89 96 211 96 131 140 80 118 238 100 152 7 144 167 154 233 173 77 248 137 94 164 127 97 208 197 117 111 53 159 198 68 43 83 114 106 100 50 184 129 122 58 106 171 113 214 242 35 87 159 255 46 97 141
105 155 198 254 213 35 245 112 66 149 186 82 111 185 220 100 80 132 248 160 148 82 249 195 185 80 119 121 164 107 95 230 176 122 141 144 50 111 182 46 42 191 247 113 72 202 97 96 208 97 135 131 69 119 239 51 148 7 139 97 161 231 172 78 244 141 97 164 133 147 211 205 115 108 56 159 202 48 94 81 112 95 102 44 177 129 114 47 74 174 94 199 238 39 89 161 250 75 133 89
105 169 198 253 196 26 217 117 76 143 215 67 125 179 85 22 104 127 240 114 128 105 241 129 198 77 114 119 160 122 80 199 174 114 50 152 43 39 181 46 127 193 247 112 91 207 99 93 208 97 130 131 73 121 240 38 137 6 139 45 145 229 179 86 248 145 102 164 122 132 217 173 122 103 52 157 200 64 124 82 143 101 104 51 183 128 32 64 59 177 84 129 241 43 103 162 253 149 166 72
120 165 197 253 211 31 232 128 99 143 215 76 122 181 130 16 169 119 244 85 125 125 242 182 195 90 177 116 155 98 74 108 173 111 62 166 39 21 179 48 147 194 251 113 75 183 109 92 215 101 133 124 57 121 242 73 141 6 137 38 140 229 179 85 253 144 89 164 131 86 194 204 145 108 32 156 201 85 116 80 147 183 103 20 153 127 8 46 61 180 35 93 238 45 147 160 242 181 146 58
134 163 197 179 212 42 167 137 113 143 206 56 122 183 174 111 116 116 245 30 131 186 252 241 192 105 210 118 145 97 59 98 170 113 42 184 44 26 178 49 160 196 236 113 111 164 112 92 196 88 122 116 75 121 245 80 160 6 115 71 142 231 180 88 254 150 146 164 136 82 122 228 149 123 45 157 202 53 93 77 153 239 103 52 127 127 4 31 32 183 22 82 242 52 181 160 247 207 133 130
166 166 196 109 204 55 139 136 105 143 205 49 118 185 220 168 61 121 244 11 133 246 252 252 189 140 240 117 136 139 76 153 168 134 84 198 51 40 179 49 178 199 229 114 162 162 102 92 144 87 116 115 66 122 245 89 185 6 77 63 147 234 179 108 250 152 206 163 135 109 168 250 146 136 56 159 203 49 90 75 156 222 103 45 98 129 6 53 19 184 26 75 247 41 181 162 254 212 124 117
182 166 191 116 202 47 173 132 98 142 190 54 119 187 217 154 73 124 245 16 126 252 252 252 190 174 249 103 134 194 99 202 166 139 120 209 75 54 180 48 183 201 244 114 168 146 96 91 147 99 95 115 50 124 240 87 194 6 47 107 160 236 178 51 247 181 207 163 142 63 220 244 155 131 70 162 203 75 96 74 150 202 102 84 66 132 9 98 58 183 38 88 244 40 172 161 252 209 141 66
179 161 180 75 201 88 157 130 102 142 177 56 136 191 223 160 156 129 245 16 129 250 233 255 193 159 209 81 137 227 107 235 165 137 143 213 73 58 180 49 177 202 239 113 160 114 100 91 190 91 103 108 95 126 236 70 185 6 43 181 156 235 176 20 249 195 210 162 156 40 216 228 153 115 90 162 203 66 124 76 141 210 102 72 57 133 14 109 80 182 47 98 235 58 162 157 249 200 139 59
184 156 165 82 203 133 132 128 106 142 178 68 141 196 210 166 132 141 240 25 138 253 156 248 197 120 195 67 136 238 104 240 164 143 194 209 43 15 179 52 156 203 223 113 167 117 106 90 204 86 113 95 127 128 241 84 179 6 54 172 211 231 174 4 252 160 203 162 161 86 198 241 145 112 70 160 202 69 138 78 140 179 102 43 51 132 19 78 50 182 32 74 231 98 133 159 254 199 122 91
178 154 154 88 214 156 148 126 102 141 157 66 124 200 214 169 57 156 233 32 138 254 144 255 200 105 217 65 132 242 81 239 164 127 178 202 50 31 178 55 105 203 226 112 173 156 108 90 212 106 130 84 110 129 248 107 182 6 63 178 242 228 172 22 252 140 155 162 157 157 63 246 151 121 38 158 202 97 197 80 143 108 102 73 29 132 15 49 19 183 32 69 235 164 99 164 254 208 108 98
133 134 154 254 225 78 251 101 65 171 221 78 167 180 204 118 178 136 208 171 149 226 247 247 184 117 92 113 194 104 53 222 171 142 161 159 70 218 180 50 30 189 152 115 182 135 85 121 213 88 163 144 80 114 237 91 167 7 136 174 215 230 172 74 253 142 90 163 112 69 142 227 123 128 39 155 199 58 34 80 109 91 106 36 180 124 56 62 140 174 113 189 237 30 119 159 248 84 104 147
142 141 169 254 228 67 236 114 67 171 198 95 142 187 216 79 64 134 212 165 152 106 252 232 176 74 131 117 175 122 52 221 171 126 161 159 58 224 180 50 37 190 223 114 182 209 85 121 218 86 178 141 74 115 237 93 139 7 137 177 122 229 172 76 248 144 92 163 118 106 154 195 148 124 43 154 200 74 76 80 112 94 101 28 153 127 128 61 138 179 106 197 239 33 124 152 253 156 156 124
118 156 184 254 221 49 218 119 73 150 164 100 127 193 177 35 85 133 202 156 154 75 250 186 167 84 124 120 177 147 63 231 170 115 113 147 51 211 180 50 53 191 242 114 172 245 87 122 215 79 180 131 65 116 238 67 135 7 133 132 108 228 173 77 243 147 95 163 128 202 168 176 146 118 41 153 205 51 115 80 118 90 103 27 135 131 110 49 110 182 74 185 232 37 131 165 249 204 138 109
131 168 182 254 207 26 171 116 90 143 196 67 139 198 95 1 96 128 209 77 124 98 252 120 188 86 138 124 152 119 49 207 167 119 60 152 48 162 180 49 145 194 237 114 147 198 84 125 215 91 161 130 70 119 240 31 137 6 129 55 123 229 177 72 251 135 106 161 124 171 203 147 123 107 37 155 201 78 116 85 119 100 104 45 129 129 25 59 90 185 33 113 239 46 177 161 254 198 130 63
125 166 183 243 216 40 196 127 92 143 232 71 144 200 138 51 119 121 212 99 134 97 251 148 189 95 191 122 146 139 40 107 166 124 65 161 40 103 178 52 165 195 234 114 116 160 106 125 207 101 166 113 76 119 243 64 122 6 127 47 116 229 176 75 254 157 95 161 131 78 175 199 136 111 26 152 202 103 87 82 141 155 104 24 97 126 8 57 92 188 51 81 236 38 188 158 253 200 148 44
112 167 183 177 210 51 136 137 82 143 251 61 143 202 198 126 86 120 212 98 161 147 250 220 189 115 198 119 135 176 22 66 164 119 40 174 56 40 176 55 174 197 225 115 131 131 117 125 194 94 159 95 73 119 247 86 118 6 111 47 105 229 176 88 253 180 150 161 136 90 124 238 144 131 42 151 203 64 57 78 167 215 103 65 62 125 4 63 52 190 47 70 241 37 186 158 254 192 122 103
140 169 180 125 202 80 131 140 63 143 244 60 129 205 203 156 93 128 211 50 181 223 230 249 191 143 228 115 124 216 30 100 162 133 62 186 64 21 177 53 187 199 220 115 161 129 103 125 162 98 162 90 63 120 244 108 138 6 84 39 108 231 175 100 250 174 190 160 134 169 144 255 147 155 47 155 204 57 77 74 174 225 103 50 45 129 6 101 31 191 44 67 249 38 171 159 254 187 102 110
152 165 172 121 205 84 194 139 52 143 213 59 123 208 213 155 106 134 211 17 185 252 191 248 193 164 252 107 121 234 30 154 160 135 91 200 68 50 180 50 190 201 223 115 154 115 84 125 148 114 132 97 46 122 233 106 168 6 67 90 159 232 174 76 249 177 165 160 135 107 195 240 153 156 63 161 204 88 103 71 157 218 103 60 41 135 9 159 74 189 51 85 246 57 165 157 254 189 125 78
136 159 160 97 204 118 169 137 53 142 204 68 139 214 201 160 89 140 211 15 192 251 131 254 195 161 218 93 123 231 33 189 160 137 100 210 60 78 181 52 190 203 223 115 150 82 78 124 153 99 134 100 55 124 224 93 187 6 66 172 188 231 173 61 253 174 177 159 143 45 193 219 159 137 80 162 204 72 119 71 136 205 102 95 42 137 18 183 99 188 58 99 234 67 173 155 251 181 176 98
135 160 148 79 198 145 124 131 52 141 225 85 139 221 221 162 79 156 207 23 199 249 93 253 197 143 192 75 123 213 56 194 160 154 145 208 41 41 179 60 181 204 223 114 159 94 81 124 166 85 144 92 73 126 229 106 193 6 66 192 193 228 172 52 254 142 211 159 150 74 229 227 155 126 63 157 204 65 112 71 132 144 102 81 41 132 20 169 66 188 71 79 229 74 173 158 254 168 147 170
122 166 141 75 199 176 141 124 47 141 222 69 115 225 225 156 94 174 200 45 195 253 81 253 198 129 222 63 120 193 46 205 160 136 175 200 48 84 177 67 140 204 231 114 156 145 83 124 203 104 175 80 55 127 241 112 194 6 61 191 135 226 172 51 251 130 198 159 152 159 147 229 147 130 59 152 204 97 169 72 141 70 102 93 39 127 9 153 32 188 75 74 233 115 163 164 255 167 97 172
116 158 147 254 220 48 232 101 104 190 207 72 170 181 107 32 169 132 201 169 141 206 242 229 181 103 127 113 191 146 72 225 166 145 121 149 66 218 182 53 50 190 161 116 240 137 85 140 219 88 185 140 83 107 234 33 173 7 125 169 210 223 169 50 254 142 81 157 127 65 115 186 140 136 39 151 199 63 63 77 101 74 108 28 156 118 54 132 87 180 100 196 234 34 110 161 252 194 160 110
153 157 157 254 221 51 208 116 107 191 209 83 141 192 172 1 94 131 204 160 144 82 248 198 167 54 131 120 167 148 57 219 165 125 126 163 55 222 182 53 79 191 232 115 246 178 75 140 225 79 172 137 82 108 235 24 152 7 129 184 92 226 171 53 249 146 83 158 129 97 113 149 121 128 39 148 200 88 106 79 112 92 103 33 119 123 124 148 97 185 88 193 235 35 120 151 255 206 153 81
159 163 167 254 213 50 182 121 112 166 192 94 124 199 88 1 165 129 190 147 146 57 246 155 153 92 114 124 162 130 56 224 164 109 130 167 50 224 182 53 111 192 234 115 236 185 69 141 223 67 151 127 87 108 236 49 158 7 129 162 108 227 172 55 243 151 86 158 137 199 144 113 82 119 34 147 204 63 122 81 125 92 105 44 94 129 100 145 98 188 43 180 241 39 132 172 254 164 97 91
141 166 159 255 201 56 172 113 91 148 200 57 145 206 86 33 110 128 191 93 164 78 231 116 164 103 159 131 146 124 41 220 157 123 63 160 52 232 186 51 166 195 224 114 199 145 72 138 222 84 85 107 81 112 238 64 142 6 113 103 83 229 171 88 253 155 80 161 129 148 193 147 119 119 38 153 202 116 80 75 143 123 104 36 80 137 16 146 89 192 73 147 237 48 213 162 254 163 102 67
120 172 157 242 192 56 127 124 83 148 219 61 159 210 92 118 65 121 193 122 168 74 193 125 171 104 195 129 141 181 30 117 156 133 53 164 42 215 183 56 183 196 212 115 158 115 94 138 200 101 97 78 105 112 242 61 97 6 110 119 90 227 171 84 255 143 83 161 131 77 172 208 132 121 36 148 202 143 67 78 148 132 104 40 68 130 7 163 93 194 135 105 234 42 199 158 248 157 153 44
95 182 153 190 172 44 148 136 74 148 231 61 163 217 152 145 72 121 193 123 182 125 156 204 182 125 173 123 131 225 16 55 154 123 46 169 65 184 182 60 188 198 219 116 149 87 106 138 199 98 101 46 75 113 246 55 52 6 98 78 86 226 171 87 253 144 105 160 135 105 156 250 141 143 54 146 204 98 65 81 158 181 104 49 50 124 6 180 50 196 107 64 240 41 177 157 252 139 111 104
130 187 147 152 169 76 204 142 72 148 230 67 137 221 139 145 152 131 191 43 189 210 115 245 192 153 196 119 119 224 30 66 152 130 68 176 74 166 183 57 196 201 227 116 149 85 95 138 190 107 118 39 61 114 242 65 52 6 84 33 72 227 171 80 250 143 139 160 137 172 143 254 130 174 51 151 205 81 101 85 165 225 103 55 45 124 7 204 26 196 78 63 249 40 137 158 254 130 143 140
154 176 140 102 194 100 199 144 75 148 198 62 109 221 180 163 148 137 191 3 182 250 92 247 197 166 247 118 114 214 20 112 151 128 92 190 63 167 186 52 196 203 218 116 127 90 76 138 159 126 87 56 60 115 225 60 96 6 82 57 95 228 172 72 251 149 162 160 134 106 180 224 115 181 62 159 205 105 108 86 157 233 103 21 49 126 10 233 73 194 60 85 245 57 82 156 253 139 166 107
142 159 134 92 207 142 203 142 73 147 181 72 108 220 146 164 67 142 192 25 181 250 59 254 196 171 211 113 114 211 13 141 151 133 74 203 53 151 187 54 200 204 220 116 124 85 64 138 119 106 84 73 52 117 213 52 150 6 83 137 110 227 173 75 255 139 172 159 134 74 182 191 124 159 72 161 206 75 90 86 141 197 102 71 43 122 19 243 104 193 48 94 232 64 54 155 254 144 148 99
145 151 132 75 196 163 202 133 64 146 214 86 106 219 198 162 67 157 188 37 184 249 82 254 192 172 180 96 112 191 35 144 151 157 81 203 41 77 185 65 201 205 229 115 131 100 56 138 120 86 92 71 65 119 218 58 185 6 71 189 120 225 175 86 255 112 182 159 143 94 242 190 141 139 59 155 205 58 80 84 130 121 102 107 43 110 17 239 74 192 75 75 226 69 90 159 254 146 85 162
133 153 132 84 185 199 131 124 54 145 231 57 87 219 214 168 98 176 181 63 179 254 82 249 189 165 217 79 107 161 17 164 152 139 140 194 48 122 183 75 168 205 223 114 117 136 48 138 180 103 129 60 61 120 232 43 198 6 54 170 69 223 176 82 251 118 190 159 155 138 208 184 143 136 79 147 205 90 160 83 129 61 102 83 57 99 3 242 43 193 64 49 230 113 146 166 250 154 106 149
154 157 142 254 224 40 181 103 118 164 166 88 156 193 93 7 183 118 196 176 136 157 247 218 186 81 100 128 187 98 80 220 160 148 126 144 67 218 191 55 126 168 194 119 238 108 87 145 223 99 87 128 68 104 239 35 156 7 119 162 135 216 168 19 253 150 82 156 138 80 109 177 124 142 30 165 197 79 87 74 116 93 129 37 136 117 57 170 75 184 89 185 235 43 113 152 252 176 92 109
156 154 156 254 224 48 150 108 114 192 170 75 131 188 103 11 98 120 196 167 116 59 226 163 176 82 82 133 168 112 32 217 156 131 133 157 67 219 193 55 146 149 219 131 242 100 74 145 224 86 86 134 77 106 230 34 159 7 126 162 85 232 170 19 249 141 79 157 132 104 109 91 107 129 32 154 198 104 119 72 101 108 96 30 108 116 122 250 85 190 69 185 234 40 126 154 254 142 114 54
153 147 155 254 186 66 187 105 122 180 156 86 138 179 54 28 101 130 196 142 175 64 185 171 163 84 101 136 156 149 53 218 145 121 82 173 55 219 183 54 166 195 222 112 248 103 66 151 220 58 76 123 73 107 238 41 146 7 116 152 86 219 171 23 246 148 76 157 127 151 129 80 101 130 44 167 199 84 86 70 99 103 106 51 82 116 95 238 63 193 66 196 225 39 174 157 254 132 110 40
143 151 146 249 182 64 181 112 85 169 160 53 154 184 60 85 95 121 197 116 229 78 125 130 141 93 174 146 143 191 74 216 147 115 65 168 51 223 187 65 177 191 207 120 250 81 65 137 212 86 50 77 51 109 237 48 128 15 98 116 73 232 169 110 250 149 88 156 126 113 153 105 126 123 42 159 203 116 43 79 139 115 103 44 53 134 17 236 72 195 150 192 233 42 208 149 252 123 148 54
104 159 140 222 224 32 134 110 75 151 171 63 141 172 102 98 98 129 200 170 233 52 87 126 144 115 172 136 133 206 44 135 142 135 44 165 65 237 184 47 180 202 211 117 174 76 84 155 215 85 47 48 54 108 232 28 90 10 95 156 74 229 159 138 255 145 66 156 144 105 206 193 137 150 42 185 204 147 63 69 142 135 108 48 74 112 7 230 64 202 194 165 231 36 197 149 251 123 144 61
93 170 134 171 128 51 173 144 22 151 191 69 128 170 105 110 90 119 200 105 187 100 77 167 145 111 120 134 125 216 16 66 158 131 45 165 71 235 183 54 186 195 212 116 145 78 95 142 187 103 62 37 64 111 245 38 39 28 98 79 77 225 164 106 255 139 60 156 143 114 209 250 131 156 46 166 205 153 97 61 172 136 102 41 86 106 2 204 60 195 189 86 245 49 139 148 250 116 148 163
121 169 129 152 110 90 176 146 63 151 216 79 111 181 127 112 95 137 197 32 147 204 78 232 149 149 86 148 123 213 17 42 147 130 67 174 60 235 185 68 189 193 209 119 134 83 84 151 201 120 36 42 52 114 235 66 45 67 99 32 66 223 173 85 253 135 121 156 123 80 174 248 112 184 55 141 204 132 89 77 182 178 97 56 50 107 4 172 61 196 114 66 250 26 47 149 251 106 164 167
118 153 123 115 204 95 115 137 43 142 153 89 83 183 126 114 114 172 197 24 141 252 78 254 160 130 206 114 119 205 23 81 157 127 69 185 51 227 184 57 187 206 212 123 132 80 69 155 150 128 45 37 52 113 205 77 94 87 82 35 42 224 170 92 254 134 156 156 111 94 195 217 89 194 67 133 203 114 95 60 183 212 104 55 43 86 15 186 44 212 29 84 245 54 14 158 251 110 170 136
103 137 118 75 219 112 202 142 59 150 136 77 61 174 137 126 63 155 201 19 146 251 87 252 168 134 174 114 112 192 24 130 152 159 62 191 50 208 182 55 184 202 217 122 138 73 65 139 137 101 54 31 58 109 218 63 113 35 57 61 34 226 169 76 255 137 177 156 110 110 181 167 119 168 78 119 203 60 78 82 183 185 103 57 60 63 21 238 30 205 35 70 234 61 8 167 251 124 155 118
111 140 120 97 200 152 218 132 19 159 172 57 68 172 207 147 110 128 201 34 147 248 84 254 160 209 131 100 109 168 61 129 162 202 92 191 48 96 186 94 186 193 218 116 130 80 64 145 118 72 65 34 50 110 241 57 127 0 51 151 41 227 172 76 255 138 170 156 123 92 206 151 112 159 83 118 205 62 56 83 152 134 99 89 86 57 15 197 37 192 31 64 224 84 35 164 254 130 120 125
105 153 125 115 195 172 127 142 52 148 198 51 89 180 222 164 85 146 198 50 126 254 95 254 145 168 167 87 110 146 122 123 146 202 141 191 42 146 192 138 192 204 213 111 134 94 62 140 160 99 71 35 66 114 229 58 167 24 60 189 45 227 170 99 250 138 190 156 143 156 234 183 121 146 83 121 207 71 131 54 127 72 104 87 45 57 6 199 31 201 42 66 233 138 143 153 254 127 91 116
147 154 137 254 223 34 158 98 149 113 192 100 139 215 109 1 187 118 194 170 147 93 221 246 179 76 68 133 184 73 109 227 138 144 123 152 61 193 169 57 189 165 219 118 203 101 110 143 224 96 73 128 20 99 242 28 133 7 102 160 103 203 168 21 252 151 83 154 85 74 103 116 122 149 29 110 199 86 107 68 129 104 124 45 126 107 53 130 66 201 69 192 234 55 118 153 251 120 112 113
151 153 147 254 226 49 150 106 145 161 185 89 109 214 40 4 92 123 196 160 137 34 156 198 175 90 47 137 160 115 47 229 136 128 115 162 65 211 181 56 193 141 223 122 229 81 89 147 225 82 80 123 26 101 232 32 130 7 123 162 68 225 168 31 252 135 82 155 97 76 116 90 121 125 28 99 201 103 109 66 107 109 117 57 108 95 120 198 86 201 70 196 232 61 129 155 252 107 145 45
167 151 148 254 206 72 194 109 146 188 154 97 105 210 160 15 88 132 197 131 197 64 77 185 167 104 73 139 150 160 57 215 143 122 73 171 55 226 177 56 183 174 203 115 249 68 71 153 221 64 66 104 19 103 237 42 125 7 125 148 77 223 167 41 252 127 81 155 114 170 140 74 120 111 38 101 202 74 56 65 84 102 99 92 118 88 97 192 65 201 94 209 233 65 175 157 246 99 170 60
122 147 128 238 185 75 193 118 78 166 119 100 109 202 73 4 60 136 193 70 240 66 88 153 163 107 156 141 140 191 30 184 145 127 74 181 56 224 180 62 139 190 188 116 237 73 45 151 192 74 85 57 28 105 231 37 91 6 111 89 57 221 171 111 250 148 66 155 98 113 129 68 135 129 44 86 199 127 33 55 76 111 93 110 103 101 4 186 58 206 133 208 238 71 187 144 254 102 195 91
90 131 122 196 221 60 200 115 61 157 144 106 95 212 122 10 128 131 194 79 201 78 96 124 153 107 98 140 133 203 25 101 156 126 61 174 65 233 177 57 136 198 197 119 168 72 67 156 194 70 103 39 9 103 230 67 90 1 100 128 64 224 161 148 252 151 72 155 98 95 188 180 140 154 47 139 201 147 63 74 136 127 105 98 127 93 1 160 41 215 187 170 235 70 208 157 254 86 233 55
100 125 119 144 141 71 150 137 12 154 147 108 84 211 165 15 155 132 197 93 117 110 111 143 134 107 34 140 122 209 13 48 160 119 57 169 64 231 176 61 142 190 211 121 136 78 85 136 189 93 124 43 30 103 243 83 76 117 88 91 69 229 164 139 250 148 60 155 84 166 230 241 131 155 57 155 202 155 87 71 187 121 107 72 149 81 1 171 46 210 198 88 235 79 172 167 254 81 232 121
120 136 119 126 127 88 122 141 25 154 143 113 84 198 172 18 87 145 202 69 66 140 82 209 114 138 45 137 111 198 12 38 164 123 64 173 52 222 178 63 155 189 220 121 139 85 83 145 205 105 87 56 65 106 233 114 86 198 77 41 69 232 169 129 246 141 113 155 71 183 212 217 102 175 71 99 203 141 59 78 163 140 104 73 129 58 1 142 51 207 101 65 235 71 77 165 254 99 212 128
101 144 116 93 198 87 109 145 4 153 100 115 84 190 115 21 69 154 204 13 48 148 73 254 107 129 114 115 106 182 13 69 164 145 67 183 45 202 176 64 161 203 217 122 158 81 69 154 158 102 96 48 73 106 203 140 123 232 64 25 65 234 163 125 248 137 196 155 69 141 212 190 93 185 80 64 202 123 62 64 153 150 106 68 126 40 11 178 50 211 33 75 242 83 10 156 254 126 181 68
74 146 110 73 199 99 135 146 17 161 124 90 82 194 164 29 97 146 190 24 37 154 78 254 113 158 112 121 108 169 11 113 165 186 75 191 46 189 174 88 160 202 210 124 204 72 63 143 138 89 117 39 67 106 213 133 134 146 55 27 58 233 161 103 254 137 204 155 66 142 177 177 132 170 82 44 203 68 66 76 191 129 107 66 120 51 20 217 39 200 36 70 244 70 4 151 253 148 214 83
63 160 106 108 177 135 174 131 12 171 153 50 83 196 217 41 171 138 158 62 42 169 90 249 116 210 82 113 114 149 57 122 154 204 102 194 46 95 177 127 164 196 210 123 208 72 73 154 131 89 125 48 60 111 235 93 117 72 63 83 54 231 164 96 255 133 203 155 71 142 181 177 141 169 84 46 205 60 53 64 186 109 106 85 124 70 22 122 45 198 41 72 235 79 49 154 250 166 196 119
60 178 106 127 166 161 173 143 50 169 139 29 88 191 212 49 107 139 129 33 41 181 107 239 114 137 102 89 118 125 134 120 146 181 134 194 41 139 183 150 172 205 215 121 212 81 84 159 165 127 113 60 58 118 226 86 110 100 77 155 55 229 162 101 252 126 214 155 87 139 215 194 151 162 88 56 207 51 110 49 152 79 109 72 90 74 21 123 28 218 35 56 234 145 158 158 249 178 159 128
138 146 129 254 225 38 171 91 151 84 196 128 126 218 80 1 184 121 197 165 137 51 150 254 181 76 43 134 176 93 215 233 141 137 116 152 51 152 166 60 188 176 233 91 151 124 116 138 215 80 96 125 1 93 240 80 131 7 109 156 83 186 165 35 255 158 81 152 21 95 110 69 132 134 43 75 199 90 128 63 143 98 107 50 140 84 59 111 78 202 54 186 236 94 100 149 253 82 169 66
120 144 129 254 223 46 130 101 140 129 184 123 96 221 69 2 92 129 199 152 138 57 118 230 181 103 26 136 152 141 146 224 147 121 82 161 58 180 181 60 172 142 220 97 174 111 117 152 213 71 106 107 15 95 221 63 123 7 138 156 57 201 163 54 255 141 84 152 24 106 132 84 132 118 40 110 200 115 98 63 117 87 129 78 134 69 119 158 73 203 68 190 220 97 113 151 254 85 177 40
128 143 132 254 203 58 134 112 125 171 146 132 86 221 168 6 88 134 199 117 195 65 84 211 179 130 59 138 144 173 116 204 155 119 52 165 51 205 180 60 125 154 184 108 194 101 111 161 209 67 97 80 27 97 217 48 106 7 145 132 71 209 161 70 255 122 86 153 36 165 145 41 130 107 46 117 201 95 32 65 69 80 94 119 165 62 98 156 36 204 112 203 224 97 159 152 254 88 192 59
93 135 106 245 204 72 170 120 47 180 151 146 102 218 84 7 92 129 190 72 235 73 77 178 162 129 131 137 135 159 77 157 158 123 65 175 59 211 183 61 96 190 179 107 194 94 95 156 171 62 85 60 8 97 222 40 104 6 115 86 68 227 169 91 255 133 87 153 22 143 125 36 158 117 68 82 197 127 40 67 96 91 100 149 138 64 34 191 35 203 131 206 220 98 190 157 245 89 179 57
83 120 100 180 222 87 209 121 30 197 170 136 91 221 135 5 109 129 199 46 152 99 99 131 149 104 82 139 132 175 47 77 184 120 64 170 63 223 181 68 90 203 187 115 157 95 89 158 166 60 95 39 22 100 223 114 105 30 110 94 76 227 161 133 255 147 93 153 23 119 158 147 142 146 68 131 200 140 43 71 131 109 105 124 148 58 31 171 32 206 176 172 235 91 212 156 248 74 152 51
130 119 98 126 161 93 111 127 13 195 151 115 80 217 210 5 100 150 202 106 51 108 110 126 132 117 7 152 118 187 4 46 178 128 55 165 60 234 180 68 93 205 205 119 129 101 82 146 191 102 109 40 74 107 235 118 107 145 101 68 70 226 165 152 255 153 51 153 13 176 225 213 125 160 79 186 202 164 50 54 165 115 107 92 154 53 26 179 67 205 190 99 238 85 190 156 251 92 110 137
138 137 101 106 149 87 99 126 31 166 136 106 82 214 200 8 67 163 191 112 37 80 54 179 123 152 73 140 102 174 5 46 193 121 44 167 51 223 181 59 100 200 221 117 139 106 78 159 210 115 70 50 95 113 227 119 118 136 91 27 72 223 170 159 254 144 72 153 5 207 226 202 78 184 97 125 203 175 37 64 147 123 101 85 129 42 22 168 64 209 82 72 238 89 133 158 253 147 117 105
105 149 104 72 189 80 152 133 26 132 118 110 93 221 98 12 109 151 165 43 63 46 74 229 126 151 143 127 101 148 34 62 187 143 43 175 45 192 179 74 97 199 220 117 136 97 79 169 173 89 79 38 44 110 201 120 134 190 81 31 85 220 165 148 254 136 202 153 12 153 212 190 79 200 100 78 202 172 52 76 152 116 96 82 140 34 22 222 54 215 37 67 243 99 58 159 254 189 96 33
77 148 102 64 184 81 129 122 54 111 167 97 101 227 177 14 88 152 129 57 63 41 87 247 133 180 137 118 116 135 28 102 189 181 57 181 45 183 177 125 95 193 209 121 166 79 81 152 144 79 101 31 42 100 208 133 136 221 76 24 73 221 165 128 255 132 218 153 30 148 173 185 101 188 88 41 202 130 58 101 197 102 96 84 138 49 23 222 33 209 43 81 242 110 22 159 254 193 152 71
44 155 99 99 173 99 155 105 66 121 188 69 100 212 226 14 81 158 89 84 64 57 95 241 134 204 47 120 130 118 24 122 158 184 75 183 41 108 179 161 117 191 207 121 133 69 83 144 152 94 113 57 103 93 226 108 116 163 76 31 49 226 171 121 255 123 200 153 70 180 160 171 107 176 84 43 203 122 60 92 193 110 101 93 148 65 25 146 47 216 61 102 235 110 85 163 254 188 165 138
42 170 100 104 164 126 147 128 82 146 150 54 96 188 205 12 80 147 61 41 63 70 93 228 129 144 44 106 135 93 56 121 162 160 85 181 33 134 184 157 147 203 215 116 115 69 83 140 172 126 106 87 121 92 219 130 96 96 78 110 45 230 169 105 251 110 177 153 114 164 204 161 104 161 90 75 204 94 126 98 160 109 107 76 148 64 27 150 35 239 47 57 233 149 171 168 254 193 170 131
76 135 117 254 224 37 133 84 137 80 193 146 129 217 156 12 171 127 191 162 133 50 121 254 177 90 41 131 167 132 154 223 169 132 105 143 45 153 180 64 167 183 226 51 142 100 116 103 213 66 102 120 31 88 219 110 138 7 109 157 81 187 162 61 251 158 84 150 38 139 127 59 140 108 74 87 196 67 134 71 148 103 83 53 134 74 82 139 76 210 55 185 222 86 104 150 249 72 161 75
40 125 106 254 219 30 90 94 116 85 177 144 97 218 97 4 67 132 193 142 156 81 108 234 177 118 39 134 147 146 168 176 180 118 53 157 51 181 188 64 148 142 209 41 149 104 118 109 207 68 96 96 35 90 190 59 125 7 127 153 53 187 161 82 250 149 89 151 23 147 147 92 133 100 72 134 196 112 87 71 128 89 121 79 132 56 122 143 73 215 66 187 206 84 127 151 254 72 151 67
36 119 105 254 197 22 89 110 87 94 150 152 83 217 143 2 57 131 191 98 213 62 85 210 175 147 73 136 144 147 184 170 169 117 42 162 44 205 186 64 87 133 173 45 149 110 110 111 202 71 91 63 73 92 178 27 85 7 126 122 63 187 160 94 250 130 92 151 19 106 140 53 138 98 73 115 196 123 32 73 71 88 111 113 141 46 104 144 50 218 118 198 218 82 174 152 254 67 142 6
60 103 97 255 181 63 154 114 102 103 151 149 102 223 73 18 131 127 201 51 226 78 76 161 170 139 135 134 131 104 155 142 185 133 57 171 58 228 190 66 46 192 179 54 145 149 107 109 176 68 102 71 34 94 188 123 117 0 131 86 59 184 159 81 246 113 99 152 17 145 126 85 138 92 96 102 199 94 30 64 113 115 115 130 114 58 120 168 49 224 127 207 205 84 210 159 254 73 120 31
68 112 91 172 191 104 167 126 94 137 151 131 101 211 115 15 74 148 201 29 154 90 92 135 150 111 112 112 128 127 142 74 211 130 63 176 62 230 187 73 64 195 186 64 130 146 106 106 156 63 85 41 39 91 187 196 95 5 135 83 67 201 154 109 247 139 101 152 24 135 119 124 100 127 86 113 201 107 44 51 113 134 98 113 130 36 117 187 34 219 143 187 209 83 201 154 254 76 116 53
129 128 87 119 162 108 94 122 108 140 129 95 95 208 181 14 60 172 193 68 82 95 92 141 134 134 85 117 115 155 94 57 202 150 61 182 62 233 187 71 96 197 200 75 104 141 102 90 192 114 93 35 69 90 194 201 94 103 136 44 53 222 159 134 248 154 60 152 20 105 194 146 86 151 91 182 203 151 49 65 128 165 93 97 140 38 111 164 59 218 147 124 193 87 181 156 254 117 109 153
112 139 88 101 164 87 107 122 124 109 141 75 86 216 174 19 86 170 174 79 104 84 26 180 138 176 150 119 102 148 63 53 206 136 52 185 59 203 188 62 112 202 210 86 129 131 102 93 208 125 71 45 67 93 190 200 108 132 132 13 59 232 162 150 250 145 43 152 19 112 220 148 58 164 107 147 203 185 31 130 126 188 98 91 112 57 105 182 36 225 80 90 205 92 183 165 249 187 120 93
73 139 89 69 184 80 170 133 124 75 133 83 85 215 97 20 152 153 151 64 153 61 71 208 153 185 160 142 111 113 55 52 210 157 47 189 57 154 186 87 88 210 210 102 111 106 114 122 181 83 82 34 29 95 175 171 104 175 128 37 94 224 154 137 252 131 160 152 49 117 204 152 82 165 106 107 202 197 47 184 145 185 99 88 130 60 101 226 31 224 53 74 234 71 144 170 249 224 122 34
72 137 90 68 181 67 151 113 139 49 157 90 91 194 160 16 99 148 131 67 154 41 83 221 157 178 151 128 137 97 23 94 201 187 52 193 55 146 183 146 56 211 205 115 122 73 122 144 138 76 84 24 81 98 180 200 94 215 125 34 93 205 155 128 251 125 234 152 97 115 175 148 86 152 86 56 200 174 77 219 181 178 107 95 130 53 97 168 29 209 56 115 238 122 103 167 252 226 168 43
46 147 94 84 180 58 170 97 152 58 159 87 94 166 228 10 60 151 113 45 147 44 88 229 145 175 84 128 150 87 9 119 172 190 59 193 45 95 184 174 64 208 204 113 71 47 109 154 150 99 92 45 156 106 190 187 94 162 117 33 68 186 159 130 246 116 219 152 148 152 149 141 80 145 76 52 200 179 108 166 166 187 132 102 131 51 95 160 61 200 60 154 233 146 145 165 253 213 153 117
48 161 100 67 173 71 106 123 144 95 130 88 92 149 215 6 116 147 100 29 140 65 81 232 130 180 47 114 147 64 41 112 182 169 60 190 34 107 189 156 96 207 208 103 51 37 86 156 151 119 102 72 120 115 184 206 98 66 108 101 69 175 155 100 240 103 191 152 188 179 188 144 69 145 82 108 201 147 172 118 134 193 153 90 141 50 94 160 70 206 54 71 229 145 184 166 252 204 103 129
61 142 99 254 192 29 95 84 137 102 212 143 143 220 112 14 188 129 196 154 126 53 134 250 179 105 52 128 166 157 44 196 185 137 79 132 48 152 183 68 166 182 215 100 144 52 109 96 201 66 110 116 56 85 177 86 114 7 132 159 78 165 152 89 249 143 89 148 117 157 129 61 144 118 94 104 195 33 125 63 147 139 70 80 127 71 102 102 65 219 54 200 191 51 117 158 247 59 114 75
36 123 88 254 180 30 75 91 119 71 200 129 99 217 98 1 109 130 197 129 167 55 116 221 178 119 71 130 150 141 85 103 189 126 37 153 52 164 184 69 165 146 193 78 151 54 107 94 194 75 104 91 39 88 150 92 97 7 151 157 49 161 154 104 248 138 94 149 99 140 145 108 138 95 93 145 194 85 71 67 140 136 110 99 147 50 119 91 63 218 71 201 202 51 151 159 250 81 127 104
47 111 80 254 174 28 93 105 88 39 195 132 73 215 67 2 119 125 193 81 215 61 78 198 175 140 99 132 145 130 122 119 169 128 49 165 43 175 184 69 119 130 159 61 149 60 100 91 190 75 98 55 94 91 140 128 61 7 158 132 56 153 154 107 247 124 97 149 97 75 132 113 157 84 90 100 194 127 39 72 95 142 151 117 129 37 113 112 53 216 141 209 227 54 195 159 245 70 121 28
54 103 87 250 183 80 140 111 136 35 188 128 93 217 55 5 86 148 197 34 230 81 55 175 180 136 141 128 132 75 127 123 199 149 42 161 61 180 186 72 37 146 163 58 135 55 99 85 195 86 101 67 45 89 135 186 97 23 154 63 61 153 162 108 251 104 88 150 89 120 112 161 134 81 101 104 198 94 13 94 66 160 170 106 111 56 111 167 38 217 123 221 219 50 206 147 252 68 139 39
68 116 84 156 189 127 117 126 128 53 178 120 98 222 85 4 62 182 173 20 214 88 80 175 156 129 105 89 125 92 149 71 212 134 48 174 63 167 184 71 44 124 188 59 110 58 107 92 158 69 81 36 17 88 131 199 85 5 153 93 64 170 158 111 248 131 98 150 94 123 88 156 78 106 85 96 200 111 69 117 92 166 128 106 132 39 111 198 32 222 104 203 184 60 198 163 253 74 137 34
115 119 83 106 181 122 75 121 138 51 155 92 100 226 115 7 113 176 142 46 185 92 98 200 135 139 154 65 112 125 148 62 205 145 60 186 65 154 184 71 61 112 208 64 66 63 91 83 187 110 91 34 24 90 131 193 90 44 148 56 44 191 160 120 246 148 89 150 83 57 172 152 68 129 83 153 202 157 81 168 132 209 112 115 148 44 113 186 67 232 92 133 122 107 179 182 251 96 162 74
68 105 83 94 181 89 77 137 126 44 179 70 94 216 126 13 95 148 126 74 200 97 41 229 134 169 164 66 108 122 135 46 186 138 67 191 68 114 186 75 70 125 206 77 105 67 57 77 198 112 78 56 28 94 130 208 101 123 142 23 46 202 156 133 250 139 42 150 87 64 224 157 69 131 96 128 202 189 38 186 135 247 123 108 106 60 117 210 74 230 87 95 149 129 187 186 247 131 160 64
25 94 80 78 176 82 106 167 105 48 167 72 90 191 119 11 72 141 128 111 217 92 66 232 142 200 45 127 128 78 116 36 203 172 64 196 74 74 184 103 47 150 194 93 108 62 47 111 180 68 91 55 32 94 128 181 92 134 143 24 85 198 143 122 254 122 92 150 134 118 199 164 106 126 98 84 201 196 61 176 147 253 125 96 119 57 123 233 102 200 68 86 223 59 169 173 250 159 159 39
47 99 78 86 159 64 97 152 99 41 161 78 92 169 125 3 109 132 128 115 207 65 57 229 145 170 70 143 153 59 69 77 179 192 57 202 77 87 180 152 22 169 190 97 124 51 67 149 126 75 87 40 114 92 132 237 81 177 147 16 94 184 139 123 255 114 222 150 181 118 174 162 98 113 81 38 201 173 142 223 178 252 136 101 127 50 125 153 97 158 66 157 244 93 154 155 254 164 143 35
38 112 84 87 146 35 134 126 111 38 149 78 93 168 207 1 148 131 112 63 208 55 75 236 143 136 159 134 154 60 38 101 167 200 56 205 73 79 181 173 33 165 196 84 88 41 78 148 125 107 87 36 154 95 134 242 86 182 147 49 81 169 139 134 253 108 229 150 188 134 143 165 82 106 72 30 202 185 190 198 166 252 169 105 125 56 124 150 68 126 40 207 240 146 182 151 253 155 146 58
38 121 92 58 129 32 110 129 102 55 137 83 92 179 209 1 152 154 92 46 211 75 96 244 141 179 99 101 139 47 50 86 178 172 62 204 66 101 185 157 67 150 203 67 81 37 70 137 112 122 93 40 75 101 128 231 94 127 143 113 89 161 132 106 250 101 232 150 176 162 164 179 75 120 76 84 203 161 209 150 137 250 197 101 135 63 121 149 46 110 49 88 227 136 179 156 252 146 126 122
91 162 87 254 129 37 121 94 133 125 219 138 153 224 83 8 191 129 159 141 126 54 100 232 160 108 74 121 171 148 52 176 183 148 43 117 58 121 177 72 153 189 198 155 143 55 106 134 191 64 122 119 59 84 137 38 81 7 150 153 74 87 131 112 255 123 86 145 178 198 116 120 166 126 85 107 199 30 114 88 146 165 81 129 111 45 105 85 79 226 44 202 177 45 121 160 253 47 133 52
81 139 93 254 90 69 97 98 126 87 208 110 100 225 166 1 127 128 159 114 168 37 100 216 162 109 106 121 156 140 72 65 172 144 28 141 59 118 178 73 163 174 166 150 140 45 106 137 186 75 134 92 65 87 121 89 63 7 167 156 53 88 133 121 255 117 89 145 158 138 130 148 156 96 84 128 197 76 59 120 148 167 105 147 150 41 106 94 75 228 74 201 196 38 159 161 253 57 153 90
93 123 84 254 94 98 98 105 105 45 215 108 71 228 76 9 146 125 154 70 190 64 77 219 164 123 133 121 144 142 87 88 165 150 56 158 47 115 183 73 141 167 130 132 137 42 106 141 187 75 123 48 128 91 120 172 57 7 185 147 66 95 134 114 255 110 90 146 162 76 130 165 164 77 79 82 196 127 38 143 123 168 166 155 118 39 112 142 69 228 170 206 202 41 192 160 253 45 135 32
95 124 69 232 109 120 110 116 130 40 217 117 91 226 121 8 66 154 175 53 175 76 52 233 170 140 116 122 137 86 91 114 192 166 48 153 63 112 182 77 122 136 134 124 137 59 107 133 181 93 105 65 78 89 108 202 78 0 175 52 74 110 122 137 255 102 91 146 143 98 109 150 155 61 90 125 194 135 37 168 50 168 185 110 93 28 108 186 52 222 159 220 212 43 191 165 249 67 135 5
113 128 69 142 108 155 94 125 110 47 198 118 92 235 135 8 80 176 158 38 181 98 72 225 158 145 88 111 125 79 88 71 190 158 45 165 63 103 180 70 87 118 171 115 110 60 99 146 143 74 98 33 21 87 104 188 92 11 172 87 72 110 119 123 247 115 96 146 152 93 84 157 102 62 80 131 196 158 62 179 51 159 149 121 110 45 110 183 96 237 109 195 202 33 210 171 253 71 99 13
146 125 73 94 99 137 67 115 99 46 156 98 95 221 136 13 134 148 135 77 159 95 103 233 149 133 141 77 111 102 90 62 185 163 54 176 67 98 181 74 56 106 206 113 62 60 63 152 162 105 105 27 22 89 99 183 96 29 168 62 54 110 121 118 235 124 92 146 139 57 165 163 89 91 79 165 198 193 72 170 101 207 144 149 141 64 114 208 164 250 69 118 146 97 194 173 253 70 123 7
100 119 78 81 84 94 71 143 93 45 164 74 97 184 152 20 115 119 119 124 150 81 74 240 144 152 122 50 114 100 114 46 158 155 68 181 75 77 183 89 49 97 207 120 104 59 15 139 180 103 75 50 24 93 97 193 90 106 165 31 49 110 115 133 231 118 63 146 131 77 230 161 95 129 91 138 198 202 83 98 148 247 159 139 98 60 121 212 204 221 73 90 171 163 152 166 253 65 143 44
52 121 79 80 70 84 93 185 92 48 151 70 96 164 183 17 105 137 115 152 147 77 82 228 133 204 5 87 136 53 144 35 173 172 66 189 88 67 182 114 54 88 183 122 126 55 4 153 178 64 89 62 31 93 101 166 92 121 163 16 70 113 101 131 231 106 95 146 156 119 188 160 114 158 95 79 199 199 137 65 169 253 160 120 103 43 127 220 229 152 57 92 236 111 122 160 253 67 166 62
59 129 79 96 58 69 70 180 91 45 149 72 92 174 144 8 168 145 110 164 135 58 62 220 122 184 41 118 152 33 142 63 148 158 50 198 100 89 178 150 68 98 169 111 124 49 23 161 128 71 104 61 89 92 102 227 99 201 160 8 78 123 101 135 231 98 222 146 180 128 171 165 102 135 86 56 200 166 202 169 171 254 172 123 120 49 128 187 186 89 62 168 244 96 136 159 253 74 109 130
45 130 84 87 45 38 80 148 89 41 149 72 88 187 206 7 205 155 94 126 140 44 73 227 125 134 190 117 142 45 112 74 152 191 45 199 107 100 179 169 99 112 181 100 79 44 33 117 115 93 116 55 111 95 100 252 98 188 157 46 78 136 105 154 231 94 229 146 172 135 157 170 84 70 80 50 204 177 227 205 153 252 197 121 124 69 125 150 63 46 41 225 241 132 160 160 252 73 136 81
28 123 91 65 33 26 113 115 78 46 154 77 85 187 209 13 192 195 76 73 141 55 102 233 139 154 149 94 120 40 88 64 162 173 53 194 109 125 183 163 132 113 201 95 58 41 22 81 101 98 117 48 85 101 97 240 91 65 156 89 90 147 99 139 231 92 232 146 153 122 162 170 90 44 83 79 206 166 224 196 149 250 205 123 137 75 122 165 13 16 65 99 229 122 145 161 242 66 181 110
136 141 93 254 79 44 118 110 124 130 191 144 136 191 230 5 172 131 137 128 142 52 131 231 118 116 94 121 177 121 62 184 179 158 34 106 65 113 177 76 138 194 159 128 177 61 122 150 178 53 128 127 59 83 122 62 79 7 141 153 78 41 114 127 248 102 82 141 178 186 115 183 191 138 74 133 202 46 110 177 145 164 108 155 105 31 109 114 132 222 39 192 177 41 131 158 243 39 172 73
134 116 130 254 37 90 116 116 132 98 174 105 99 192 213 1 75 132 134 93 179 44 131 219 131 118 133 120 161 132 93 98 165 159 46 129 64 116 178 76 142 192 123 142 154 51 111 157 179 68 144 94 121 87 109 104 55 7 122 153 67 41 115 134 232 100 85 141 178 117 117 187 180 123 75 112 201 85 60 214 145 163 95 178 126 39 105 132 145 216 63 193 174 31 175 158 236 35 168 62
128 102 124 254 34 137 113 117 127 65 175 103 97 200 207 11 73 137 129 49 172 60 97 229 145 137 164 120 140 135 127 102 168 171 76 145 48 117 185 76 135 194 97 136 138 52 110 167 187 79 131 37 172 91 113 168 61 7 121 156 87 54 115 126 217 106 86 141 180 47 127 194 161 115 74 80 200 125 36 237 138 150 119 183 81 45 107 166 154 210 162 196 130 30 201 157 214 33 132 21
126 95 87 201 38 145 90 122 122 45 186 108 93 205 209 4 64 138 95 48 180 62 83 239 159 151 125 122 142 101 110 126 177 186 86 165 55 127 183 80 122 191 108 141 129 52 104 169 131 88 111 58 144 102 109 151 71 12 162 66 70 41 122 141 190 107 91 141 168 73 112 181 146 95 80 147 196 154 61 197 84 132 114 144 43 25 115 206 159 230 197 210 155 47 199 184 219 54 106 53
130 97 77 127 45 168 110 131 108 47 163 113 92 197 209 1 65 136 101 51 183 87 79 222 152 137 94 125 124 69 87 81 171 190 70 174 60 126 182 75 87 187 121 135 126 53 97 163 105 73 111 31 44 94 109 171 85 0 165 56 70 45 120 127 176 98 97 141 180 70 88 184 126 79 84 157 196 185 49 163 21 130 121 153 60 45 118 196 210 232 145 196 220 26 211 176 223 62 117 81
142 118 69 88 46 147 96 117 85 54 123 96 91 168 209 3 75 119 102 76 151 78 100 215 152 123 96 97 109 81 75 69 166 186 60 181 70 125 183 81 58 190 150 141 91 53 88 163 118 98 129 21 19 88 103 191 75 7 177 48 67 51 121 120 163 92 75 141 176 58 159 184 121 106 93 167 196 204 78 106 32 200 157 184 130 68 122 226 237 225 94 132 210 56 195 157 218 67 143 58
119 156 72 71 37 103 107 132 85 52 149 73 86 132 211 11 121 119 94 104 132 63 97 209 155 164 98 81 116 90 75 63 157 181 63 188 86 115 186 95 62 170 173 152 117 54 88 149 152 92 101 35 13 92 98 192 68 70 191 24 64 57 113 144 160 94 98 141 162 60 243 176 119 149 100 177 194 203 153 67 100 248 184 171 116 65 122 230 251 180 55 117 221 133 134 140 205 64 167 45
75 184 78 78 41 89 113 159 90 39 152 70 71 122 227 10 192 149 86 103 126 72 101 196 140 217 58 81 135 49 84 56 155 179 64 198 101 117 185 113 87 133 164 147 145 56 93 156 166 61 109 52 40 104 98 177 87 120 193 17 65 61 103 150 159 96 174 141 155 71 200 173 107 177 98 124 193 198 185 123 143 248 189 152 113 48 119 221 251 114 40 93 246 152 108 147 197 65 220 75
59 189 83 93 52 79 96 167 94 38 147 73 60 130 201 2 208 172 83 112 114 68 91 195 114 207 76 88 142 30 115 57 149 128 56 200 112 114 181 143 108 130 144 139 140 59 85 151 125 66 121 68 83 125 94 213 95 219 182 25 71 64 112 146 155 92 228 141 150 83 193 186 106 140 89 123 195 156 160 223 139 250 209 156 114 52 115 232 204 76 52 127 234 108 131 168 188 72 190 199
49 183 87 75 48 55 79 160 89 47 144 73 68 118 224 2 187 182 82 106 113 58 82 207 103 173 180 83 128 42 141 49 158 187 51 182 120 106 182 165 121 155 155 157 120 61 53 101 102 77 140 77 76 153 92 229 80 188 175 30 82 65 125 163 152 89 218 141 154 86 187 193 98 53 84 118 198 164 161 191 124 248 216 147 107 69 113 207 55 52 55 189 237 108 141 173 170 74 167 161
28 180 90 66 43 38 84 120 98 49 158 77 84 92 218 9 204 198 81 48 106 71 91 212 109 161 166 95 109 38 139 54 170 179 52 158 124 120 187 166 128 167 184 187 102 60 18 79 99 79 152 73 101 175 98 208 72 51 175 50 93 65 124 163 151 90 197 141 167 65 158 183 120 23 85 130 202 167 191 168 141 252 188 146 115 74 113 225 30 20 75 92 232 101 139 164 150 70 162 125
115 88 107 254 64 35 93 122 128 146 162 150 104 112 207 8 192 134 87 120 139 42 143 254 113 135 103 131 178 124 84 206 177 161 51 107 66 119 181 77 128 184 117 125 207 50 122 151 135 43 179 134 65 82 125 55 96 7 174 164 82 68 114 136 216 82 86 138 129 52 127 164 193 194 79 184 202 52 111 237 145 160 130 148 168 51 122 186 203 186 40 191 169 37 126 160 211 27 184 56
123 62 167 254 55 69 117 131 150 116 151 105 94 106 191 1 111 139 81 71 164 39 142 221 136 144 143 130 164 138 62 152 170 164 82 126 63 127 179 78 123 181 86 145 178 46 133 163 142 64 193 95 158 87 108 97 62 7 121 155 75 57 113 144 174 91 90 138 170 52 114 172 198 193 84 170 202 84 69 230 138 161 83 174 168 48 120 196 192 140 45 197 149 35 183 160 166 34 168 78
112 49 166 254 49 110 129 130 157 89 148 101 128 115 196 3 118 150 75 22 133 49 106 199 160 171 181 129 136 126 63 135 171 181 107 139 45 134 183 78 120 183 75 149 155 59 151 179 155 90 186 27 183 91 109 147 55 7 95 162 98 57 111 137 142 108 93 138 176 20 123 190 163 198 88 179 202 109 39 220 141 137 59 180 114 46 109 197 188 109 132 202 70 40 209 159 114 40 140 155
114 49 134 166 47 147 74 123 161 76 121 93 111 130 207 14 124 133 97 46 76 66 108 209 149 156 182 126 143 102 96 143 171 180 99 164 43 127 183 83 106 189 92 137 145 57 145 166 90 87 166 38 137 113 110 131 83 11 101 73 91 63 112 137 104 117 84 137 177 65 102 197 151 206 74 156 202 162 39 201 122 73 77 183 60 61 108 182 231 145 196 215 100 39 220 171 88 54 180 219
90 45 107 111 69 166 121 141 171 56 103 105 112 124 198 5 116 109 96 80 95 72 94 205 133 113 99 101 123 56 84 91 167 175 76 170 55 125 182 82 79 179 66 135 154 56 133 152 73 69 171 24 47 124 116 158 82 0 106 28 92 62 108 128 95 92 109 137 179 86 83 192 162 187 90 149 200 199 68 200 47 90 118 184 56 46 116 204 254 132 166 220 206 38 196 183 91 59 144 200
71 75 79 84 86 150 112 128 140 53 98 97 110 119 211 5 119 112 91 69 83 53 106 215 135 112 73 71 108 66 94 76 160 153 51 178 75 118 184 88 57 187 76 143 113 54 130 165 83 81 215 23 30 143 109 160 67 9 128 43 95 60 105 124 94 76 69 137 178 71 157 205 163 194 106 146 197 211 138 179 21 192 181 209 125 51 123 218 231 117 133 178 215 34 180 178 85 65 105 165
60 130 69 68 84 110 104 126 109 52 177 81 91 117 201 13 163 137 87 59 74 49 109 222 157 190 104 106 116 88 91 81 176 165 43 187 96 108 188 94 62 191 122 147 100 51 137 167 125 67 219 36 9 163 100 141 78 12 159 19 85 59 93 152 102 85 115 137 177 42 254 224 146 182 108 210 191 205 199 184 46 253 203 190 116 63 123 245 224 92 55 165 217 77 145 155 74 67 126 47
25 157 73 79 93 93 60 128 63 41 199 79 57 110 193 15 205 159 89 52 67 68 100 216 169 230 58 113 132 57 65 77 157 176 51 197 110 116 187 106 87 179 139 128 125 52 129 171 144 46 219 50 34 172 96 164 110 85 173 13 61 58 83 158 109 99 211 137 164 43 238 226 101 153 96 181 188 201 153 235 93 250 197 171 103 56 117 216 225 80 42 98 235 136 149 146 71 68 168 56
8 148 78 90 97 86 75 150 49 44 165 75 43 93 208 8 217 175 93 53 58 57 101 218 158 217 73 92 134 38 67 53 172 115 59 187 114 101 183 135 108 187 122 116 147 55 100 145 106 63 196 68 69 170 87 206 95 230 172 36 53 55 96 140 105 102 167 137 135 44 232 215 104 110 83 189 187 157 59 230 131 249 211 176 102 51 115 225 193 109 47 76 229 86 169 158 72 68 142 155
26 144 80 66 71 67 85 181 64 47 133 64 75 71 208 7 203 169 92 66 70 41 88 228 147 211 174 61 123 45 71 32 179 178 58 146 115 84 184 160 116 200 127 154 192 56 69 80 76 84 201 79 52 167 87 216 60 224 175 17 60 52 113 149 99 99 144 137 126 32 209 188 97 81 76 184 190 162 66 123 140 249 193 158 109 65 121 238 29 128 56 136 241 76 159 161 61 68 124 196
25 156 81 67 56 48 38 160 122 32 143 58 119 54 195 13 195 143 88 40 77 57 89 231 146 193 161 89 111 37 46 49 194 156 52 102 115 97 189 162 116 194 156 210 212 55 55 65 81 97 225 74 113 168 99 197 60 97 187 41 64 49 115 157 96 99 111 137 145 33 135 157 125 117 75 195 193 173 132 137 151 252 128 152 132 80 128 236 14 107 53 74 234 84 174 151 44 68 166 163
