69 192 95 39 181 176 204 31 61 68 19 137 83 132 170 126 254 54 175 65 28 106 139 120 92 64 212 190 70 42 96 111 197 77 116 77 22 148 95 18 35 127 121 201 5 114 1 152 68 154 224 57 106 250 149 248 98 185 140 41 83 41 153 189 68 167 101 107 214 176 41 50 48 230 32 166 251 255 115 89 24 97 21 223 168 176 195 255 68 145 73 164 151 54 201 27 182 200 36 88
63 195 118 37 200 181 204 36 162 68 22 63 79 132 171 96 254 49 172 79 20 106 139 119 64 91 213 210 50 46 96 111 156 72 113 89 47 108 78 19 47 141 118 199 6 122 31 210 76 155 229 111 108 248 153 248 77 180 185 41 66 41 135 183 90 163 114 78 197 182 38 64 93 217 40 169 252 253 164 71 31 97 13 222 179 183 190 255 67 133 57 181 162 54 201 28 181 196 10 72
57 197 125 39 186 188 203 39 241 68 27 43 77 132 172 144 254 79 162 104 16 106 140 147 72 110 214 210 17 54 96 111 145 59 87 136 96 94 61 19 102 117 120 197 8 114 74 254 65 156 232 149 108 247 155 251 78 143 214 41 72 45 129 185 108 141 106 58 186 189 35 62 100 208 36 169 253 250 131 77 44 98 15 221 184 189 183 255 66 133 56 194 176 53 201 29 177 206 21 63
63 200 148 38 193 180 202 38 102 69 39 143 107 138 174 103 254 114 172 109 22 107 147 208 108 122 217 224 10 140 97 98 130 86 74 181 129 112 54 18 58 147 105 194 9 111 77 254 57 155 237 135 104 254 164 244 74 78 208 41 78 51 161 209 127 118 75 69 193 183 37 68 75 206 51 167 253 255 171 93 30 94 49 223 217 202 177 255 84 150 52 156 176 60 201 24 135 189 35 41
107 201 171 37 196 181 202 56 81 69 76 224 43 139 174 101 254 92 179 114 14 107 141 157 101 127 215 240 0 201 97 92 142 145 80 178 81 134 62 20 61 183 105 193 16 117 47 228 56 159 239 115 105 253 155 228 75 112 108 41 80 61 174 204 115 116 81 76 187 150 33 54 84 233 36 164 254 250 117 127 36 100 86 218 233 212 178 255 137 139 46 65 210 60 201 23 140 186 28 30
134 202 179 37 184 186 203 74 45 71 50 245 56 139 175 111 254 77 184 110 20 107 128 119 73 113 213 236 14 162 99 87 174 210 79 115 52 125 73 21 90 203 115 194 43 127 39 162 56 158 242 98 104 248 168 119 65 197 60 41 104 105 187 169 130 132 64 82 183 133 41 54 88 238 33 169 254 247 62 133 27 91 93 195 236 222 168 255 115 132 72 58 205 61 197 37 200 181 34 51
94 203 181 36 222 190 203 65 47 71 53 225 32 139 176 97 254 102 181 109 43 107 117 120 56 107 212 211 3 67 102 89 196 229 76 54 20 103 80 20 41 208 107 196 72 140 57 101 56 153 244 80 117 246 163 144 116 215 59 41 149 145 196 145 132 129 22 81 135 116 29 67 88 244 41 164 254 247 77 94 13 96 110 182 250 225 149 255 56 138 73 124 158 62 193 109 157 152 33 59
99 205 195 35 210 187 202 63 61 71 63 206 52 140 178 75 254 111 173 115 62 107 118 127 60 92 212 181 19 35 101 96 162 192 77 46 50 76 82 19 68 208 122 199 70 150 67 114 58 155 246 66 151 242 160 123 98 205 84 41 186 142 207 87 128 92 44 74 101 125 43 77 102 240 38 168 254 248 112 57 11 97 170 108 252 226 137 255 70 147 75 144 100 63 199 115 149 180 13 71
183 207 206 35 157 181 201 55 61 70 73 139 57 141 179 56 254 115 167 111 59 107 129 119 61 75 211 156 22 33 97 99 158 131 69 46 68 63 82 19 79 181 117 201 25 158 80 120 61 161 246 83 178 237 174 83 59 222 130 41 194 148 212 105 181 71 66 67 127 156 31 91 123 225 24 164 253 250 116 56 8 100 203 69 241 230 138 255 114 150 52 116 48 64 210 49 155 220 3 93
199 208 202 34 194 178 200 54 64 69 57 67 51 141 180 36 254 103 170 103 43 107 139 118 58 81 209 146 59 54 97 95 162 85 68 70 35 46 83 20 44 154 124 201 4 162 138 117 64 160 246 101 167 237 173 86 46 214 140 41 182 159 200 164 228 64 46 65 138 154 39 101 119 241 22 138 255 254 118 68 4 96 195 67 233 231 140 255 142 146 93 135 56 65 210 30 154 207 9 89
178 208 197 34 163 179 200 47 55 69 53 58 67 141 180 39 254 105 176 105 31 107 142 124 59 77 207 152 112 108 101 90 163 64 81 128 23 47 84 22 35 157 115 200 11 163 207 111 66 153 246 93 138 240 172 155 85 210 126 41 170 159 183 151 208 46 81 66 125 144 35 98 94 252 31 137 255 255 123 71 9 160 192 70 210 230 138 255 168 142 86 174 72 66 202 24 158 217 15 83
73 192 133 43 169 174 207 41 65 69 21 184 84 136 174 112 255 73 171 67 25 106 137 126 52 67 212 177 78 41 96 99 191 66 98 106 59 111 93 20 79 120 115 195 5 112 1 161 106 155 230 59 105 245 170 237 43 94 140 41 103 64 129 166 77 185 96 115 201 185 37 54 53 231 24 164 253 245 116 88 28 101 110 223 148 177 197 254 74 148 58 197 125 58 200 27 194 194 52 73
65 194 134 42 197 176 207 49 146 69 26 72 78 137 174 122 255 41 166 76 20 107 139 120 57 90 214 217 73 45 96 98 128 67 94 74 59 66 118 21 56 128 109 193 5 118 22 224 128 156 235 104 106 246 164 233 42 59 183 41 105 56 119 166 97 187 111 98 190 204 37 69 95 220 32 169 253 255 117 67 29 102 100 222 158 183 193 254 74 164 49 191 119 58 200 30 172 191 12 55
69 196 156 41 179 182 207 48 190 69 33 41 74 137 175 139 255 69 154 101 23 107 143 140 83 105 215 225 55 48 96 97 153 68 77 70 113 48 131 21 92 102 108 191 8 105 63 251 114 156 238 121 107 248 158 239 58 27 196 41 127 61 109 171 111 138 104 87 187 220 36 71 86 212 27 169 253 255 138 70 27 102 41 221 160 190 186 254 74 147 52 190 119 57 200 32 174 181 14 50
76 199 171 37 169 161 206 48 151 69 44 106 121 139 178 110 254 111 168 110 13 108 153 209 179 107 214 241 29 107 91 100 147 140 80 101 127 85 104 20 61 158 97 190 10 89 82 252 58 155 242 126 105 245 169 243 57 42 203 41 131 47 121 200 125 128 66 82 185 185 37 43 94 209 23 169 252 255 122 80 16 104 43 222 174 205 182 254 98 136 66 188 132 62 204 29 174 153 44 16
99 199 180 36 142 169 206 54 141 70 77 165 64 140 178 110 254 86 174 116 5 108 151 172 183 114 211 234 11 189 89 96 137 139 89 97 53 124 106 21 60 177 93 191 44 90 66 244 60 159 243 122 109 233 163 219 65 63 152 41 122 61 116 193 124 124 74 85 177 136 38 25 96 235 29 159 255 255 98 105 34 109 66 210 201 216 184 254 123 125 47 79 158 62 206 28 180 148 24 33
113 200 188 36 161 177 206 52 73 71 57 175 76 141 179 122 254 62 178 114 12 108 141 135 88 108 209 226 24 153 89 92 140 135 84 67 31 133 112 22 95 155 99 189 76 96 47 187 60 158 245 105 109 226 178 127 46 171 137 41 131 111 128 105 134 141 62 91 156 129 40 30 104 240 34 169 255 255 93 107 35 98 77 166 214 225 175 254 129 143 66 55 177 63 202 43 211 157 22 56
87 202 204 35 212 180 204 63 43 71 64 149 57 142 180 97 254 86 176 116 41 108 128 121 35 110 208 207 16 52 92 93 169 137 74 40 46 105 121 22 50 112 87 188 100 108 43 108 57 154 247 74 118 225 171 121 78 225 127 41 166 188 161 114 136 136 26 98 119 142 33 53 99 245 34 166 255 254 106 71 21 102 88 161 234 230 153 254 117 173 66 133 195 64 200 115 179 125 23 73
92 204 222 34 202 183 203 65 54 70 75 132 58 143 181 79 254 85 171 128 68 108 122 121 52 94 208 172 49 32 90 96 148 148 75 45 61 105 126 20 50 85 102 194 118 122 63 118 55 158 248 51 152 213 162 117 99 224 111 41 200 176 186 81 148 96 56 102 133 147 43 68 103 242 31 168 254 254 132 35 14 102 128 128 248 232 139 254 117 158 82 183 119 65 210 122 148 137 7 74
127 205 220 33 162 187 200 68 52 69 103 96 71 144 182 82 254 91 169 130 75 108 126 120 57 73 207 147 53 37 84 98 145 148 73 69 54 92 123 19 92 62 100 192 80 133 104 121 55 163 248 50 187 199 168 89 60 216 103 41 211 183 188 57 203 79 80 102 180 142 35 80 142 226 30 175 252 254 144 25 13 104 175 102 246 236 139 254 145 113 67 186 48 67 225 56 146 188 2 84
129 206 214 33 196 188 198 60 59 68 95 71 42 144 183 76 254 82 172 126 69 108 133 117 70 82 204 141 48 50 85 96 140 124 69 111 17 69 113 20 61 65 111 169 35 137 151 124 59 154 248 58 184 200 157 72 39 169 77 41 207 169 179 112 245 80 54 99 187 126 36 96 145 242 29 146 254 254 133 29 21 99 193 87 238 238 140 254 176 107 101 185 36 68 227 35 143 189 12 89
120 207 219 32 148 186 197 67 60 68 74 92 56 145 184 90 254 94 174 129 65 108 137 116 69 87 201 139 61 96 90 94 148 95 73 158 58 48 103 21 42 102 106 142 36 137 184 118 63 140 247 61 159 213 149 110 63 147 57 41 202 163 174 126 237 63 82 96 184 131 37 104 96 253 30 119 255 247 135 30 38 162 191 90 208 237 137 254 182 136 68 184 41 69 219 26 134 201 14 60
65 192 143 46 168 188 209 43 51 70 19 227 96 140 176 116 255 73 167 69 22 107 131 130 43 69 213 167 90 47 100 98 190 51 70 165 90 58 107 21 116 108 111 190 5 109 1 163 76 155 235 71 104 244 104 224 40 69 157 41 118 80 117 169 108 111 94 125 191 211 37 119 83 229 31 165 254 255 179 90 28 96 217 223 150 174 198 254 79 138 72 216 127 62 199 27 204 194 77 51
62 194 149 41 202 180 210 50 114 70 24 88 97 141 177 152 255 24 162 71 23 107 135 120 50 92 214 220 97 48 100 98 128 64 66 126 73 60 118 22 82 106 102 188 5 112 16 237 74 156 239 107 106 248 97 216 47 25 166 41 130 63 106 177 125 168 109 119 187 204 39 131 113 220 44 171 254 253 91 67 34 96 187 222 164 182 194 254 80 176 71 214 120 61 200 31 158 184 33 40
73 196 159 35 190 174 209 46 123 69 32 66 97 142 177 119 255 55 150 93 32 107 140 132 63 104 215 230 96 46 100 99 151 85 61 73 80 65 117 23 95 85 99 185 8 95 52 222 37 156 242 108 106 252 94 221 41 25 124 41 159 67 79 185 136 148 101 116 192 197 41 131 81 213 42 171 253 253 137 67 25 96 85 221 167 190 187 254 81 144 81 218 117 60 200 34 170 138 28 30
76 198 178 36 170 158 210 49 133 70 40 71 91 141 180 103 255 81 169 111 17 108 131 204 132 99 215 234 54 46 96 100 139 84 78 67 50 49 137 22 62 48 116 185 14 80 78 231 40 154 245 127 105 247 96 237 35 38 100 41 175 63 41 193 129 88 73 119 213 178 36 89 93 208 92 170 252 246 141 72 43 98 28 223 165 209 185 254 118 149 80 220 115 64 203 32 198 123 60 35
78 198 179 36 100 170 209 60 149 71 70 102 83 141 181 118 254 74 172 118 14 108 137 185 205 104 212 218 31 129 93 97 148 98 91 62 29 126 111 23 52 70 107 188 90 77 81 244 48 159 246 114 111 233 89 207 51 19 102 41 166 62 35 194 131 77 79 110 195 190 41 38 90 235 113 156 254 254 115 72 49 103 33 206 183 220 189 254 110 131 45 181 108 64 205 33 201 127 27 47
86 199 188 35 148 176 208 56 86 71 52 96 69 142 182 152 254 67 174 117 20 108 138 153 113 101 210 216 42 105 93 93 137 101 83 66 53 175 89 23 78 58 102 186 101 79 58 198 57 159 247 78 109 228 110 145 43 104 149 41 167 94 68 53 129 106 65 103 159 206 37 16 98 239 117 169 255 254 113 61 42 94 68 150 183 229 180 254 141 134 53 181 131 64 202 48 207 158 17 44
88 201 212 34 205 174 206 72 52 71 48 80 86 143 183 142 254 93 173 118 39 108 132 126 47 109 209 203 39 34 96 91 148 94 67 62 81 142 93 22 49 50 79 186 87 89 32 108 60 156 249 47 110 232 118 111 65 155 185 41 181 179 132 65 148 124 31 105 147 173 34 37 87 244 94 168 255 252 101 43 39 100 94 156 200 233 157 254 162 159 51 203 208 65 199 120 183 127 16 77
100 203 226 33 188 176 202 57 66 69 49 90 68 145 184 129 254 75 173 128 54 108 128 120 58 96 210 161 84 35 94 92 136 103 65 57 69 133 116 20 32 75 86 192 126 104 58 108 58 161 249 42 138 222 128 116 137 144 189 41 194 158 170 66 199 93 61 112 192 140 40 68 85 240 75 168 253 251 112 30 54 101 97 156 222 236 141 254 132 166 84 190 122 66 211 127 143 122 2 71
96 204 210 32 166 184 199 66 60 68 87 97 71 146 185 117 254 70 174 128 63 108 130 126 44 76 208 138 89 38 89 93 145 132 67 95 62 96 132 19 111 82 79 179 137 115 119 106 57 163 249 45 173 205 144 94 103 111 166 42 199 174 169 29 242 78 80 113 205 143 37 89 135 225 72 182 252 254 131 27 67 105 131 144 231 240 140 254 139 148 83 188 64 68 228 61 144 164 1 62
89 205 196 32 196 186 196 86 63 67 96 111 60 147 186 71 254 62 175 120 77 108 133 123 70 94 204 141 55 46 90 94 133 156 63 160 36 64 125 19 83 76 89 129 106 118 146 111 59 149 248 42 175 212 129 68 77 41 111 41 209 156 170 77 245 93 44 105 178 141 33 100 145 240 63 151 253 254 112 26 69 102 182 122 220 242 139 254 177 138 116 185 52 70 231 38 148 158 11 98
97 206 203 31 141 180 194 139 68 67 75 150 51 148 187 53 254 84 174 120 93 108 135 112 95 109 200 140 39 102 96 94 145 162 62 197 102 33 111 21 60 91 84 75 97 117 133 108 62 129 247 40 155 233 112 65 77 13 77 42 220 155 187 106 228 97 62 95 193 140 38 102 82 253 48 108 255 252 112 22 72 166 200 124 180 242 135 254 166 146 68 168 53 71 222 27 135 162 8 76
72 193 151 47 189 198 212 51 42 68 22 139 67 144 179 146 255 109 175 51 18 108 135 118 39 50 202 164 88 48 105 100 134 83 76 176 43 42 127 11 124 115 88 182 3 87 10 178 10 155 241 89 104 253 111 212 38 60 141 44 98 61 100 143 178 53 89 125 170 209 34 158 122 233 97 152 251 253 191 88 19 99 200 224 147 183 200 247 83 108 82 147 163 67 196 31 144 198 113 17
56 194 162 49 189 181 213 42 103 67 27 100 61 145 179 154 253 39 171 59 29 109 129 120 50 91 209 196 81 43 99 91 141 133 77 159 69 45 115 35 76 100 81 184 3 81 12 141 18 156 244 87 103 251 127 192 38 32 86 39 116 77 80 162 191 60 101 125 174 206 34 139 105 218 129 181 255 253 165 73 23 100 203 220 149 185 190 252 89 149 62 200 115 68 194 45 142 144 48 18
74 192 172 41 192 206 208 32 117 66 28 88 87 145 180 121 247 37 174 99 34 109 126 135 63 104 213 208 118 44 103 99 133 118 78 122 78 32 121 29 111 99 84 185 7 86 46 183 25 156 246 119 103 251 136 206 57 45 86 36 147 49 35 177 203 59 91 125 185 208 35 154 90 206 150 169 255 253 171 61 41 101 124 219 154 188 190 253 95 151 65 227 134 67 193 54 141 93 62 14
56 194 177 36 175 188 210 30 112 68 40 95 95 152 187 123 255 52 172 101 23 106 129 190 72 84 204 206 62 57 106 89 146 100 97 56 64 41 122 35 61 82 109 186 18 91 75 216 26 155 249 137 100 228 151 207 46 42 107 39 200 35 29 209 187 31 69 125 211 201 36 140 113 213 188 177 255 251 137 82 60 107 34 221 172 223 188 251 126 155 41 240 127 65 193 53 142 68 86 41
72 198 186 38 164 176 211 49 134 64 68 103 72 139 180 148 253 94 165 111 16 99 113 205 153 105 212 187 45 170 91 91 142 116 86 57 78 102 122 27 46 82 99 188 100 78 114 168 17 154 249 85 113 235 157 186 43 35 118 36 191 64 17 164 176 54 68 120 175 222 37 129 94 229 204 150 255 252 120 63 63 87 42 196 176 215 193 254 121 142 82 249 128 68 206 44 130 154 47 55
84 200 198 36 161 180 212 69 84 70 72 117 62 150 182 197 248 75 155 119 28 111 120 205 129 103 209 165 39 95 110 91 149 121 78 67 47 196 117 10 77 93 100 194 113 71 88 183 48 159 250 70 103 246 168 120 42 22 139 40 186 47 42 45 187 79 61 122 160 182 36 95 105 226 111 172 255 254 111 35 88 115 63 153 183 233 172 254 142 157 72 223 139 73 201 67 157 159 19 60
88 197 222 32 183 189 212 63 36 77 67 132 88 145 194 197 255 60 142 122 43 118 136 176 32 115 201 136 40 23 121 90 151 107 77 54 84 199 114 29 54 99 112 199 82 78 45 108 80 157 251 53 104 249 179 109 58 19 160 38 189 177 104 22 215 124 19 119 174 156 33 84 92 242 116 179 246 254 112 36 102 99 91 165 181 237 169 247 144 187 80 218 193 60 191 113 185 143 7 78
98 197 214 31 159 187 207 53 62 71 55 143 79 140 196 168 255 78 133 125 63 105 141 143 45 117 209 130 67 28 97 92 142 90 77 74 133 102 122 24 32 97 110 191 124 88 54 59 47 154 251 34 141 229 178 134 94 33 116 32 197 187 153 27 237 117 45 108 183 152 32 87 82 235 122 156 248 253 142 32 91 97 83 170 186 238 139 250 141 185 78 186 135 70 204 120 150 157 1 84
113 202 190 34 170 184 196 80 76 69 49 146 78 151 186 118 236 77 139 128 61 107 147 126 72 87 207 134 82 34 92 94 142 89 75 140 96 91 133 10 92 95 94 163 187 98 86 87 37 162 251 47 163 201 163 113 125 21 123 45 204 145 167 41 250 107 88 105 186 143 37 94 114 221 150 183 254 251 146 17 92 108 72 149 200 249 135 254 143 161 99 179 70 87 222 79 129 166 1 82
117 207 205 33 202 180 185 126 61 72 63 142 57 139 184 60 201 82 164 123 35 115 131 119 49 87 201 130 63 44 103 91 147 129 76 174 61 122 129 32 115 81 91 125 177 111 167 119 69 164 251 45 149 192 146 93 127 8 116 54 213 131 178 57 249 92 16 101 191 146 47 107 115 246 144 181 247 253 131 25 103 103 121 144 196 242 137 254 121 144 93 182 52 73 224 41 136 166 10 96
109 209 227 28 125 171 176 151 71 70 59 137 74 155 191 62 176 106 189 116 42 107 93 114 83 106 197 150 63 116 96 86 144 185 80 180 186 61 118 26 84 57 101 99 134 125 148 116 57 149 251 28 136 198 136 99 113 40 80 34 221 129 195 87 234 116 52 88 192 134 55 98 85 252 137 99 233 255 152 26 98 173 181 121 168 242 147 250 104 138 79 181 53 68 221 34 101 143 13 95
61 190 160 36 193 188 213 41 56 69 30 111 50 149 183 164 252 120 178 74 16 108 128 110 33 57 209 172 78 48 115 92 119 155 104 184 82 45 130 12 120 113 75 185 2 83 28 144 53 156 244 80 103 253 168 203 55 77 71 40 130 63 92 130 182 80 83 123 176 210 37 179 127 227 158 82 254 253 142 86 37 99 199 220 139 188 202 254 82 74 74 40 193 64 199 50 141 137 97 11
67 187 166 31 189 175 216 44 104 68 29 102 38 147 184 185 254 58 173 68 30 109 121 128 46 96 210 183 89 43 109 83 99 162 106 168 105 41 120 46 84 103 73 186 8 76 18 148 35 157 247 93 102 245 171 182 26 56 43 44 155 76 84 160 194 62 103 123 185 213 37 160 124 214 137 119 252 253 138 71 31 100 208 217 139 190 192 255 86 79 81 90 158 65 198 63 141 99 30 25
68 187 171 31 190 189 210 43 117 68 24 102 61 145 184 179 254 56 168 91 29 109 117 158 55 107 207 182 137 43 120 91 148 120 88 138 132 36 126 53 100 105 76 187 9 79 33 174 20 158 249 126 102 235 173 188 32 38 56 47 182 32 46 179 207 59 111 123 191 213 37 153 124 203 145 177 252 253 151 58 56 101 153 218 143 199 191 254 90 131 57 141 118 64 198 70 141 85 19 34
88 193 181 46 191 183 207 40 120 74 38 121 79 145 191 169 238 75 170 105 44 122 109 218 56 90 209 135 78 130 105 95 137 119 74 78 144 39 129 41 72 94 106 188 15 93 70 168 29 165 251 117 98 213 179 190 39 65 41 36 196 32 32 195 238 41 66 124 204 217 41 138 135 215 216 178 243 255 128 67 78 98 59 231 171 214 186 255 85 150 48 225 147 72 185 70 144 97 50 54
100 190 201 43 188 180 206 46 118 68 86 130 67 132 189 166 254 93 148 112 35 109 114 212 87 103 199 134 47 163 98 98 127 125 80 58 101 65 131 38 51 100 106 188 54 83 103 131 37 160 251 62 105 218 171 144 41 40 73 39 184 50 27 137 236 9 69 117 175 205 39 147 107 234 154 162 253 255 112 59 99 100 46 189 183 224 193 252 104 148 64 243 166 61 187 58 136 155 57 67
104 194 212 40 186 185 209 56 72 68 93 139 46 147 187 170 254 85 130 116 33 104 130 200 108 96 183 139 39 107 107 98 129 131 92 59 90 155 129 31 78 120 113 191 90 79 97 130 52 157 252 52 105 228 172 83 39 24 87 44 184 46 54 35 244 44 61 118 168 160 36 139 120 232 20 168 254 253 113 32 114 101 49 155 188 238 178 255 149 158 50 245 164 88 172 74 131 151 64 74
98 203 212 41 207 188 214 57 45 66 85 141 48 146 186 158 229 68 130 115 24 104 124 184 71 110 198 127 42 40 114 95 134 126 105 52 117 218 125 30 65 127 123 195 118 86 61 89 78 157 253 54 113 231 179 137 39 17 94 51 196 158 109 27 248 106 37 117 184 148 35 141 120 239 27 182 254 252 152 26 105 102 73 164 187 238 180 254 155 164 67 231 192 97 142 111 154 142 38 95
99 205 219 42 188 182 211 58 76 59 81 136 52 146 187 169 191 83 141 117 32 101 96 171 49 114 177 123 61 36 109 95 127 95 109 75 142 160 127 20 42 107 124 188 160 93 58 57 72 157 253 55 139 214 169 131 51 22 88 49 199 183 149 32 242 92 56 108 191 148 38 141 112 235 27 180 250 251 107 23 97 113 72 171 176 235 155 253 133 140 85 195 124 97 134 117 150 154 1 99
111 199 214 42 187 177 189 88 100 62 78 131 50 156 190 177 173 97 147 123 42 104 90 156 55 84 182 122 80 24 117 97 125 66 106 144 141 111 129 17 89 91 115 163 195 101 119 96 62 162 253 75 158 189 148 121 78 33 44 36 195 139 164 39 239 62 72 102 191 138 47 131 131 230 37 173 236 251 159 19 108 97 59 164 191 241 151 240 112 106 97 190 93 118 163 80 111 154 2 86
119 199 190 38 199 174 154 133 112 70 87 131 47 143 193 151 153 75 144 126 47 110 97 135 44 84 185 125 73 45 118 95 138 102 107 180 133 131 121 29 125 88 111 128 186 115 193 106 73 154 253 73 159 179 142 79 107 30 31 35 206 99 183 45 241 80 52 98 192 147 57 125 124 250 72 147 206 251 143 29 106 94 75 157 186 246 138 245 79 113 94 159 88 116 200 50 88 157 9 90
118 205 181 34 123 168 128 157 142 67 84 134 82 145 197 151 129 110 140 125 77 108 91 117 51 105 210 158 75 98 98 90 151 173 111 181 200 123 109 19 121 85 113 102 155 130 159 118 62 135 252 59 156 183 152 75 125 23 44 47 225 73 208 61 240 61 93 92 189 143 64 102 96 249 133 105 178 252 142 23 83 152 99 136 167 252 137 255 61 148 82 158 94 100 217 46 68 151 4 85
109 147 164 49 193 188 215 27 44 67 45 103 70 147 187 156 241 136 177 95 33 109 122 107 47 61 161 178 82 32 114 89 166 187 147 183 57 74 114 17 135 102 68 190 3 84 53 174 59 156 247 79 102 253 187 190 51 88 32 38 168 62 102 151 188 162 48 121 194 222 39 164 145 209 189 35 247 253 133 85 56 99 182 218 129 194 200 248 83 66 42 20 192 61 198 76 141 84 92 20
124 162 160 50 189 181 219 26 83 68 42 100 79 145 189 150 237 87 170 83 51 109 115 145 53 98 155 183 103 45 109 88 124 144 126 170 61 54 111 69 124 99 76 190 15 75 35 209 43 157 250 108 101 244 186 178 46 30 40 38 191 70 109 171 201 88 61 121 195 219 38 149 149 201 117 46 249 253 119 70 41 100 190 222 130 198 174 244 84 49 49 23 164 62 197 89 142 86 33 38
119 191 165 55 189 177 213 21 121 68 35 116 95 144 190 111 241 84 157 92 37 110 109 190 47 105 148 188 154 72 123 97 108 85 92 152 70 46 118 99 108 103 79 191 10 74 28 144 33 158 251 138 100 228 185 178 51 56 27 38 204 33 85 180 215 27 76 120 191 210 38 140 153 191 128 119 253 253 135 55 65 101 160 225 134 215 163 243 85 136 36 37 80 62 196 93 142 126 4 56
130 194 195 37 181 142 216 9 130 68 44 114 113 157 185 90 253 108 148 105 42 110 108 220 53 94 146 138 106 154 124 84 138 74 73 109 89 37 130 83 83 109 94 191 9 90 57 132 25 150 252 116 102 218 180 186 53 38 18 52 174 56 68 183 219 3 84 122 197 206 35 140 123 198 212 162 251 254 114 59 93 106 63 217 163 226 173 253 87 147 48 93 160 69 193 94 142 118 10 66
137 194 207 35 189 138 219 12 124 69 118 116 75 143 193 111 253 105 143 109 41 114 119 204 53 99 123 148 53 135 124 88 131 82 89 67 29 31 133 44 50 152 98 191 48 83 84 170 24 158 252 59 95 214 174 126 47 18 19 39 167 51 72 104 231 34 88 116 173 172 35 157 67 234 125 189 251 253 124 59 99 126 50 164 186 242 186 247 93 114 50 147 199 79 183 79 142 147 33 77
136 195 214 38 186 128 215 35 118 75 129 119 91 157 196 129 228 106 140 111 42 107 125 194 74 88 116 152 39 120 126 89 130 93 114 64 107 97 135 30 61 198 108 194 116 82 91 145 50 165 253 53 101 212 179 87 43 24 29 35 161 48 99 22 244 23 58 117 168 121 37 155 68 246 8 185 242 252 132 34 104 89 66 151 190 238 181 246 118 88 42 206 200 71 162 85 109 141 72 88
126 196 198 43 202 115 194 66 131 72 110 121 121 152 191 125 185 93 140 107 30 104 96 198 62 107 174 125 42 58 128 86 140 102 133 65 143 209 132 25 58 192 121 198 168 90 62 68 127 162 253 71 118 209 189 146 43 29 60 36 164 104 139 30 245 12 32 121 179 100 40 158 83 246 27 163 221 253 130 22 114 82 98 159 199 238 180 254 109 114 59 218 197 66 120 110 125 142 61 117
121 198 220 43 196 109 160 93 152 63 108 124 96 154 190 146 168 96 138 107 34 113 52 203 41 116 146 115 51 40 122 84 156 90 136 84 129 213 126 23 43 140 127 191 188 99 56 64 146 154 253 87 139 196 169 127 47 15 97 40 175 138 156 35 239 63 45 119 182 100 46 154 86 234 18 141 194 255 131 19 122 115 107 167 176 246 157 254 87 155 91 214 131 100 93 113 151 147 8 119
127 200 215 43 192 118 129 130 148 62 102 128 34 161 194 170 181 112 135 114 44 118 49 193 49 85 161 119 74 25 118 86 166 76 132 146 166 132 118 27 74 101 124 165 196 107 157 172 82 150 254 105 161 177 134 123 55 32 38 44 190 112 152 36 239 50 89 112 184 118 53 141 98 227 4 94 161 255 148 21 111 128 91 177 205 246 158 254 84 148 91 236 123 107 133 88 106 129 1 96
134 202 147 56 191 133 110 170 143 56 101 133 49 156 194 158 184 57 137 125 47 114 83 171 59 85 164 115 79 50 120 85 161 110 132 180 203 98 107 26 110 90 118 126 188 124 213 161 51 148 254 99 168 170 125 103 69 59 30 41 199 78 156 36 245 60 145 111 188 145 60 133 86 244 13 53 120 255 132 33 96 151 71 168 204 248 142 254 76 124 103 195 120 93 192 69 64 121 9 91
137 203 126 73 131 143 103 189 157 38 99 137 96 147 189 153 172 96 142 132 71 113 108 155 67 108 198 133 79 75 123 83 150 174 136 176 209 96 98 30 124 86 114 96 168 141 166 127 60 147 253 90 157 172 141 86 81 53 44 32 203 56 172 36 251 58 189 114 187 140 65 108 65 245 84 54 87 255 138 24 94 174 58 154 199 245 139 249 76 126 103 197 116 130 214 71 66 123 2 83
159 113 156 63 187 154 220 53 92 64 51 102 145 151 189 140 253 139 169 90 70 110 120 115 58 63 99 166 100 43 106 92 136 173 145 174 41 102 102 14 151 93 67 194 8 90 51 224 40 155 249 86 101 243 167 181 36 175 99 42 189 53 108 153 189 147 45 119 195 216 38 139 168 201 155 28 246 253 124 85 77 98 171 223 108 203 194 251 86 88 63 19 144 60 191 98 141 75 93 47
132 128 144 54 187 142 222 59 122 66 55 79 156 153 190 120 253 101 163 83 89 110 111 165 58 96 91 181 133 65 104 88 153 123 90 162 38 58 107 86 150 94 85 193 19 82 35 239 39 156 250 124 100 220 164 183 43 73 149 39 199 48 114 164 202 163 73 118 192 199 37 132 166 198 71 18 238 253 130 66 51 100 172 223 111 209 162 254 86 82 70 14 120 62 188 109 142 101 56 48
148 163 156 43 189 108 214 56 172 67 54 111 122 154 191 47 253 98 146 89 57 110 105 212 53 99 87 205 183 116 113 90 95 81 67 151 19 32 113 139 124 97 90 193 7 77 17 110 50 156 251 145 99 194 161 185 26 58 146 37 192 44 105 166 212 105 99 117 190 178 36 145 160 187 107 40 228 253 144 49 69 101 154 217 119 230 147 254 85 140 76 22 58 62 187 112 142 143 21 56
153 169 201 30 176 73 196 72 192 65 76 88 108 149 189 32 253 120 135 72 42 122 109 201 26 96 87 144 135 151 104 87 61 48 85 124 44 30 120 116 112 104 92 194 11 81 43 113 37 156 251 115 106 197 171 176 38 31 118 36 150 51 99 174 222 37 54 115 194 168 28 154 142 207 203 76 231 246 122 61 89 89 83 166 129 240 162 254 83 152 59 15 87 66 173 114 143 126 17 64
152 186 197 30 190 87 198 74 171 69 170 78 123 143 193 27 213 116 146 77 42 150 112 193 55 96 71 157 64 142 117 93 116 60 97 76 104 37 124 44 79 170 83 196 112 72 73 219 30 159 252 61 89 187 164 142 32 24 58 25 158 36 105 75 235 2 69 111 171 153 37 168 61 225 141 131 212 250 128 59 98 101 71 124 155 253 176 254 78 146 66 91 123 77 173 99 148 133 11 75
148 193 202 35 182 95 186 104 166 77 184 72 185 154 196 26 175 114 155 81 50 141 106 196 61 83 100 152 43 149 132 96 152 61 114 77 165 71 128 30 69 227 90 201 197 69 76 201 84 158 252 55 92 179 163 135 36 30 35 36 143 37 130 15 241 3 54 109 160 122 47 161 54 231 46 134 175 253 130 39 99 105 100 142 154 238 175 254 96 125 69 139 141 74 186 98 112 122 46 89
143 187 189 41 187 98 150 145 177 78 154 84 169 144 195 57 172 118 145 79 47 112 80 211 56 109 184 112 43 79 139 93 146 59 126 82 93 156 127 31 66 211 112 204 215 80 56 90 196 159 253 74 110 178 161 136 50 43 70 43 125 38 164 30 243 31 61 113 162 87 53 159 95 224 46 96 133 254 114 32 114 135 126 156 170 235 164 248 97 139 72 160 123 73 178 111 112 118 68 125
144 190 217 44 189 102 108 168 177 75 145 108 99 148 192 131 177 112 124 78 60 110 55 217 76 122 176 111 44 35 124 91 137 70 127 90 68 183 118 27 65 153 128 197 210 93 71 116 217 161 253 87 137 177 140 130 58 29 74 26 150 73 180 35 249 55 84 115 162 81 55 154 120 216 32 74 99 255 145 25 137 174 127 160 142 245 141 244 94 182 100 174 106 102 162 114 128 116 31 131
148 204 204 65 189 101 87 184 170 77 129 129 74 150 189 190 162 110 115 83 66 114 60 207 87 91 189 132 67 34 108 93 142 86 123 137 66 110 106 28 92 117 124 168 210 105 191 247 141 153 253 89 175 176 115 104 58 27 28 33 199 71 178 33 250 43 165 105 171 126 57 146 128 224 18 48 76 255 138 20 126 202 117 178 186 246 157 250 100 176 90 216 111 100 184 102 94 96 6 107
150 207 123 120 191 98 95 198 169 60 121 135 126 161 190 193 139 49 133 95 46 105 90 199 79 89 183 117 74 58 138 94 149 111 122 167 116 50 99 43 126 98 117 121 202 122 213 214 100 143 252 77 182 179 117 119 60 59 40 52 203 63 176 34 243 48 173 102 184 159 61 141 105 248 27 24 55 255 119 34 105 225 90 169 189 252 145 254 84 138 120 212 125 91 200 96 73 81 8 100
150 198 127 174 161 99 113 201 173 29 122 133 104 158 192 182 127 74 158 105 48 102 114 200 87 111 191 106 69 87 194 93 152 138 123 168 239 35 97 96 141 78 116 82 188 139 166 122 101 143 252 77 152 185 136 96 67 69 29 40 172 61 182 25 239 60 152 113 187 138 65 116 80 253 65 31 39 252 135 34 107 222 69 167 195 250 148 254 71 130 129 219 117 145 174 102 84 82 1 93
137 119 147 135 182 158 226 90 180 65 38 92 190 158 189 158 239 130 161 75 90 111 125 130 40 70 92 148 110 108 104 97 38 146 87 174 38 102 114 6 145 97 57 197 10 95 30 212 44 156 248 91 100 242 174 181 119 130 124 45 191 56 123 137 187 64 73 117 179 174 36 147 177 195 131 17 230 253 119 80 75 98 177 222 101 219 210 243 92 115 78 25 123 66 184 109 138 101 81 67
67 115 133 131 182 149 224 150 182 67 49 58 181 156 190 135 222 99 159 71 101 111 117 181 65 101 84 159 156 114 103 92 117 109 70 153 75 50 120 87 126 98 78 196 15 88 22 182 38 155 251 133 99 221 178 188 128 96 170 45 195 35 114 158 201 43 87 115 185 154 36 144 171 197 72 21 194 253 140 58 48 100 172 195 106 227 183 230 90 132 101 17 118 64 181 117 139 116 69 46
129 126 151 123 185 93 204 182 196 68 57 87 80 154 191 54 210 95 144 80 61 111 110 213 91 99 76 182 206 146 102 85 159 88 98 141 87 16 117 151 117 96 87 196 5 81 7 98 47 154 252 141 99 199 180 190 110 34 211 43 178 42 116 171 206 119 98 114 191 135 35 159 162 184 119 16 158 253 134 39 72 101 155 168 116 245 175 223 89 126 85 18 104 62 179 121 139 110 51 40
156 148 192 101 171 58 143 193 215 72 66 87 46 161 201 54 180 113 143 60 60 117 104 197 115 97 79 136 156 177 108 96 74 57 112 111 95 32 112 88 129 78 93 197 12 75 33 97 34 174 251 116 98 204 172 180 71 33 195 34 154 29 112 149 226 101 71 118 195 124 40 148 142 223 197 17 143 251 140 53 79 108 128 108 127 241 174 249 91 113 73 48 88 68 178 123 144 114 56 56
139 155 194 89 186 76 138 189 192 67 160 76 102 167 191 38 129 117 141 67 54 168 107 190 122 99 90 129 83 192 131 101 109 65 117 73 132 63 114 35 119 103 68 198 144 59 69 185 40 147 252 76 91 192 176 172 68 46 142 42 170 21 114 50 240 39 72 120 176 130 51 167 48 227 172 40 124 255 105 47 122 88 90 92 146 248 175 248 81 147 89 153 90 48 168 113 149 109 33 68
125 166 202 76 179 88 127 205 181 66 177 69 195 173 191 23 96 103 139 76 54 165 100 197 106 88 151 111 56 190 151 105 124 58 124 77 193 76 119 37 93 137 64 199 220 51 72 201 101 118 252 74 92 181 174 170 68 19 74 35 162 38 126 15 236 23 78 112 164 136 61 164 39 237 116 45 92 255 97 34 125 142 100 133 134 243 167 251 96 140 93 173 108 125 181 109 129 98 46 82
127 173 183 64 173 102 112 225 177 67 150 79 211 155 198 52 102 120 133 80 49 115 86 213 98 114 211 76 49 127 154 103 119 49 133 80 126 103 122 38 72 148 95 199 210 58 76 137 179 128 253 84 97 177 156 158 67 18 91 35 143 27 149 33 232 17 124 110 161 112 63 165 94 235 103 34 61 252 144 41 108 184 99 155 143 243 148 254 101 119 89 201 73 174 193 114 109 83 64 116
140 177 208 52 171 117 100 225 170 74 136 100 134 162 191 105 94 113 124 79 62 99 81 216 112 129 213 74 46 47 142 103 120 62 140 82 84 105 114 30 71 137 117 194 204 70 124 184 183 160 253 82 124 176 126 159 58 35 56 46 163 72 168 37 248 26 138 111 159 100 59 161 133 228 94 37 46 251 113 31 134 176 88 161 113 247 137 254 104 128 116 211 100 145 201 118 81 80 42 125
149 180 206 58 173 110 99 218 177 87 115 119 41 138 179 140 58 90 120 79 68 110 84 205 117 98 214 86 67 33 139 105 121 83 142 118 96 59 104 44 102 129 113 168 200 81 222 244 166 152 252 69 182 174 97 111 51 38 17 40 205 80 174 30 254 63 210 97 171 135 59 150 136 221 101 49 45 254 152 15 160 189 92 173 156 244 169 254 110 131 114 225 98 151 222 117 61 76 20 107
148 185 150 99 179 96 107 216 188 76 108 125 56 149 187 164 37 55 128 86 53 114 91 203 115 90 215 73 70 49 185 105 124 106 140 150 150 38 104 89 150 119 108 121 183 93 205 200 161 111 251 56 209 171 79 119 61 51 31 30 204 74 171 29 242 39 126 90 185 155 68 137 99 210 106 47 48 253 133 37 139 212 75 165 160 245 146 244 86 126 145 234 124 172 203 120 77 64 12 107
144 190 175 143 170 98 116 211 186 44 115 124 47 154 206 181 44 60 139 94 59 113 99 212 113 105 200 75 60 125 244 102 135 126 135 166 217 46 111 168 177 100 115 80 178 105 155 110 123 85 251 71 186 169 72 114 79 52 38 38 169 66 168 18 234 67 65 103 186 139 77 105 65 208 116 38 49 249 139 57 107 220 60 175 164 243 138 235 65 138 149 221 121 164 138 128 87 62 1 103
90 107 150 108 179 192 231 88 211 68 36 99 152 150 191 128 115 125 154 76 75 111 140 145 115 87 103 141 109 172 101 101 36 149 85 178 23 89 124 10 129 101 35 201 10 94 28 186 56 156 247 87 101 235 153 188 244 43 131 37 188 81 139 133 182 126 82 112 183 131 39 159 172 203 161 16 156 253 115 73 73 98 164 191 136 237 240 213 95 137 62 70 106 82 180 114 136 92 67 74
55 119 141 123 175 199 213 200 202 69 48 66 166 137 192 122 87 99 157 72 76 112 136 193 137 114 93 138 145 169 103 128 57 96 106 151 82 62 127 82 107 99 58 200 9 87 35 139 40 152 251 132 100 239 150 190 243 33 120 28 197 58 123 155 203 71 86 112 186 127 41 153 170 208 141 11 122 253 118 49 67 100 155 141 139 246 203 144 93 169 84 41 100 76 179 117 135 100 69 43
155 138 153 138 176 133 176 254 195 69 60 71 61 127 193 88 65 100 148 87 55 112 132 204 151 106 77 137 180 175 104 139 130 60 138 135 138 47 112 137 92 96 72 199 17 80 33 108 34 148 253 133 99 238 147 190 246 28 138 21 185 51 129 172 212 20 89 112 186 126 42 139 171 192 168 16 97 253 126 27 100 101 142 105 147 251 188 86 91 130 64 11 93 72 178 119 135 79 69 30
149 168 181 165 163 71 118 235 193 70 80 94 59 133 194 20 66 118 138 81 65 96 127 198 117 102 91 144 166 188 107 124 184 78 131 97 87 52 112 44 127 68 80 199 58 72 25 100 22 134 253 112 88 225 144 189 221 57 148 58 177 30 118 109 206 87 104 107 193 125 57 151 159 198 191 15 68 255 134 35 84 106 130 79 153 253 189 189 105 116 69 70 126 66 192 122 138 74 69 52
117 134 202 162 176 78 115 224 189 64 150 98 165 152 188 29 43 115 135 87 58 153 130 187 79 111 134 98 110 209 116 127 148 79 133 73 136 69 109 23 144 37 50 197 137 56 54 142 14 111 253 92 98 219 149 167 209 97 153 161 186 25 127 28 224 128 102 121 182 118 61 173 58 217 190 6 63 255 100 31 115 126 67 86 164 194 178 231 89 139 84 184 113 59 174 119 139 73 67 68
92 120 207 165 180 76 108 223 189 65 166 102 189 155 199 38 27 96 136 99 60 172 113 187 64 101 199 59 81 210 132 128 105 73 137 72 181 71 114 26 109 44 38 192 185 45 77 170 61 82 253 98 99 212 146 138 195 52 78 107 192 35 140 21 213 94 125 113 177 131 63 171 31 233 187 12 55 254 92 25 126 193 68 118 152 143 165 245 94 122 84 181 131 153 164 116 136 85 65 79
99 135 176 171 173 87 96 220 187 71 156 104 146 151 216 69 29 103 140 108 54 135 91 202 73 122 218 30 60 190 149 127 109 68 148 69 193 81 120 30 65 92 58 189 192 46 123 149 117 93 253 96 89 209 135 163 185 18 112 10 190 31 151 34 204 20 173 106 176 126 58 167 64 191 194 20 49 251 129 39 122 187 64 147 150 115 144 224 84 87 99 210 94 217 165 117 117 80 55 102
122 138 186 167 167 106 88 205 183 75 146 106 101 189 204 78 28 104 141 108 58 110 86 211 54 136 209 21 53 97 168 127 144 67 165 79 236 69 116 47 51 129 75 187 196 50 184 198 102 124 253 81 104 206 125 155 175 28 115 33 191 84 156 37 229 25 144 112 174 117 53 161 90 132 194 16 47 255 132 29 141 150 56 164 124 122 147 226 81 93 137 218 128 194 181 120 62 79 37 108
135 128 200 154 171 96 90 199 188 80 124 112 60 145 175 69 21 69 140 105 58 114 87 208 61 107 209 19 70 37 196 127 142 70 175 110 251 40 108 93 75 141 74 170 176 51 235 223 95 103 253 61 162 196 117 121 163 35 54 44 193 101 148 23 244 78 164 103 183 128 58 152 97 90 198 22 47 255 154 15 162 195 72 165 159 157 191 254 98 125 150 218 105 194 198 124 42 81 28 100
133 144 179 147 175 88 100 201 187 65 122 122 82 145 170 110 26 55 142 106 51 117 92 206 97 94 223 34 69 41 227 120 122 101 172 136 231 44 114 140 140 137 74 128 146 57 204 196 111 50 252 55 216 181 103 119 154 47 22 14 189 90 128 19 236 39 94 94 188 142 73 144 72 60 195 38 47 251 142 53 150 241 54 159 165 170 149 254 96 156 171 237 108 202 162 130 79 59 18 108
127 178 201 148 172 107 111 199 175 35 131 131 92 157 188 161 40 43 147 111 73 111 105 210 85 102 214 85 63 142 242 113 127 147 163 165 224 55 129 174 186 128 83 88 141 65 137 118 75 27 251 85 233 169 89 145 151 37 45 33 181 67 110 14 233 84 96 107 178 162 87 115 46 58 191 46 46 238 165 91 123 237 37 174 165 178 124 250 95 181 169 218 103 188 90 135 91 47 5 106
55 83 164 61 175 179 228 121 198 67 79 109 102 148 195 95 29 122 148 80 62 112 148 158 132 107 85 131 111 196 101 94 71 188 132 168 39 70 122 22 97 100 24 206 9 89 40 180 60 149 247 67 102 147 169 198 253 63 171 36 185 96 133 131 154 89 140 107 187 116 47 159 170 196 185 68 77 253 113 71 81 98 131 130 159 248 224 221 94 125 76 84 143 108 179 116 138 65 66 80
95 105 162 68 171 194 188 218 204 67 85 86 157 134 197 97 32 103 153 75 60 112 148 205 95 127 82 127 135 187 116 163 18 130 134 149 62 70 125 73 128 98 49 204 10 82 58 147 43 143 250 113 100 151 165 197 245 27 144 33 201 86 119 140 184 37 165 109 182 123 52 157 171 203 197 3 65 253 114 45 82 100 123 92 161 251 180 132 92 156 76 70 122 101 178 115 137 74 71 53
172 135 157 75 171 122 130 245 222 67 94 82 87 124 198 114 21 112 148 94 84 112 148 199 58 112 72 111 152 199 142 201 24 80 131 134 89 78 105 104 71 98 71 203 45 75 68 117 28 137 253 117 99 154 159 198 248 51 131 33 199 72 121 151 204 95 188 110 176 134 55 125 178 184 187 7 64 253 144 22 115 101 124 80 170 245 161 50 90 141 82 60 91 96 177 113 136 71 75 41
125 155 170 78 174 58 116 227 210 64 98 82 43 90 193 102 11 119 131 91 72 110 149 195 32 108 103 102 170 192 77 188 140 122 135 112 135 69 113 36 114 86 88 201 147 69 30 111 27 99 252 97 97 171 188 177 254 99 103 71 200 45 114 78 205 69 209 111 186 146 65 169 160 210 193 2 53 254 122 24 99 109 103 83 148 234 175 62 90 121 76 128 77 80 166 117 134 53 66 56
90 115 188 96 174 72 115 220 201 63 129 96 76 107 197 76 27 97 138 94 61 138 152 187 36 125 162 56 140 197 43 187 148 121 133 100 170 61 106 40 142 50 72 200 141 62 30 125 11 102 252 92 108 172 154 129 250 124 130 237 195 43 138 17 216 85 217 137 179 132 63 192 74 229 194 5 52 253 117 30 95 173 33 97 160 140 172 134 82 134 90 206 84 99 173 120 131 48 80 79
68 91 189 126 185 82 108 216 188 76 135 112 99 95 210 39 51 104 148 103 68 162 127 186 47 117 204 23 112 210 61 184 132 107 130 90 222 60 109 39 104 38 54 196 175 58 86 144 32 92 253 100 103 177 111 105 243 86 95 215 194 27 160 26 193 118 227 130 179 136 60 191 47 217 210 13 53 251 120 27 113 191 45 95 160 136 169 168 96 124 90 170 108 153 172 121 133 75 74 85
84 103 173 157 180 106 94 204 179 89 141 117 151 107 218 56 66 89 152 113 75 150 96 195 68 132 212 12 72 219 133 181 123 86 134 83 253 72 118 51 64 63 44 195 216 58 177 152 78 97 253 87 89 187 82 127 245 60 154 61 196 20 163 27 183 136 226 117 179 129 56 182 55 115 216 14 53 253 114 34 138 145 49 125 150 125 142 125 93 90 129 162 96 193 166 118 136 82 57 96
112 118 171 180 170 122 81 187 178 87 134 115 116 188 197 67 65 108 147 116 82 120 88 204 55 145 190 25 56 146 193 179 134 70 149 106 241 57 115 75 53 98 44 195 211 52 221 179 65 105 252 63 92 196 75 107 253 35 173 28 193 56 154 30 220 91 150 128 178 132 56 169 60 26 217 7 50 255 159 25 141 100 43 162 134 116 143 86 91 69 158 167 116 207 174 118 91 80 46 98
123 121 177 192 176 89 80 183 181 81 109 117 64 132 161 46 53 78 145 112 71 110 86 208 57 123 201 47 65 66 222 174 124 64 163 127 252 45 107 120 63 130 47 179 185 45 230 220 36 61 251 40 121 198 78 84 249 15 69 56 183 73 141 12 235 50 69 125 185 138 63 166 75 8 225 6 44 249 149 26 133 114 61 154 158 130 196 114 103 90 170 189 103 195 172 122 51 77 27 98
114 132 185 195 175 66 92 183 185 67 108 127 99 116 144 63 42 55 155 112 54 111 92 212 84 112 203 77 63 84 225 160 116 89 163 127 254 58 114 163 123 148 50 135 158 48 222 205 43 11 250 38 174 190 81 106 225 33 17 71 176 73 124 13 208 50 28 115 181 139 75 172 75 6 232 29 36 210 143 80 129 132 42 148 172 91 160 173 97 138 180 224 79 173 121 125 75 48 13 112
104 152 203 194 165 89 104 174 187 46 111 138 138 131 150 87 37 34 168 116 74 105 112 216 64 114 202 133 68 151 210 145 138 131 154 150 226 45 132 164 174 148 52 91 133 58 129 121 36 7 250 77 222 181 81 120 199 19 22 107 176 54 110 22 189 65 47 125 163 173 84 155 69 23 235 60 32 170 180 127 128 92 29 160 169 74 143 209 93 176 190 239 84 183 56 125 97 37 18 109
25 86 175 98 171 175 221 208 178 64 132 101 99 166 199 159 52 116 142 73 70 112 141 167 72 120 63 113 118 198 106 79 58 209 129 150 180 45 121 29 55 102 25 209 10 86 40 170 68 142 247 40 102 156 173 204 237 117 133 46 185 89 135 140 116 99 245 103 168 118 54 163 176 143 173 134 53 253 157 72 61 98 110 78 144 251 170 221 92 86 75 93 151 130 177 117 142 85 70 90
103 76 180 97 169 198 165 253 185 63 134 93 155 163 202 99 46 102 147 65 72 112 145 215 65 133 73 118 147 175 141 163 19 176 140 145 172 53 129 61 153 101 54 207 15 79 59 154 46 134 249 88 101 139 157 208 243 178 137 75 201 90 124 145 149 47 241 106 171 120 61 172 174 151 199 11 46 253 148 46 43 100 108 68 146 252 144 142 90 109 50 85 140 123 176 114 141 86 73 67
120 79 158 79 171 125 94 224 225 62 139 103 97 161 203 65 14 119 144 87 135 112 148 200 53 112 79 104 164 205 197 211 6 138 156 136 141 67 110 72 61 106 84 206 71 72 74 118 27 127 251 95 100 130 145 213 253 212 151 98 204 85 118 153 175 47 253 109 174 131 66 149 178 130 160 5 43 253 141 23 68 101 123 90 157 233 134 65 87 130 64 85 105 119 174 109 140 87 76 60
95 88 158 70 176 60 101 208 214 69 133 67 68 156 217 120 16 104 143 104 99 112 138 195 46 112 96 47 172 223 118 227 22 138 160 139 161 69 112 48 78 106 125 201 187 65 45 110 22 127 249 102 117 111 116 177 247 200 117 112 216 71 119 66 175 67 243 167 178 124 68 153 158 149 180 2 57 252 128 24 110 135 101 96 140 194 144 50 101 141 108 105 75 112 168 113 141 71 78 62
66 87 158 77 161 69 92 215 204 68 133 79 33 152 217 98 49 69 142 102 72 103 149 198 110 135 156 33 161 205 35 223 96 146 152 134 213 61 103 77 103 96 125 205 132 67 16 101 34 134 250 105 116 111 83 125 254 176 131 188 201 81 143 16 177 105 250 198 172 128 65 191 104 169 195 25 52 250 126 40 108 168 28 107 154 110 159 58 86 128 124 171 97 109 183 120 134 45 84 89
54 88 159 76 168 73 87 227 188 82 127 96 83 100 211 58 90 110 142 107 72 119 132 200 88 128 171 25 133 212 49 217 125 124 137 119 202 64 104 88 67 68 104 208 172 74 96 120 27 124 250 111 101 113 59 141 253 156 152 206 180 52 153 29 147 83 237 188 170 135 62 197 106 155 227 15 47 249 135 37 126 114 41 73 165 146 173 107 94 123 124 151 108 164 169 123 130 62 74 94
80 104 178 66 158 93 94 230 183 96 141 110 190 95 192 73 104 84 141 117 91 130 110 198 55 139 190 25 78 210 163 211 114 86 128 111 240 61 114 103 51 32 67 210 232 77 214 175 35 128 250 88 91 119 65 121 253 191 213 147 169 38 135 17 151 108 226 167 169 122 65 189 117 58 228 1 43 252 160 33 136 102 38 102 150 125 138 159 92 119 172 133 105 204 143 118 151 64 72 98
110 138 175 64 142 105 107 226 185 95 133 118 117 177 162 80 80 124 137 121 111 118 107 194 57 154 164 68 53 160 226 208 128 76 133 143 251 29 112 93 60 37 50 211 212 67 234 177 40 128 249 57 90 129 78 94 251 172 194 117 178 46 110 20 213 136 201 176 169 137 72 171 113 7 225 10 40 252 123 23 122 96 18 154 139 74 127 140 95 109 174 139 98 202 145 115 125 58 67 97
114 161 162 85 148 68 113 229 178 96 102 123 84 94 137 54 49 106 135 118 99 123 95 197 50 139 184 112 56 99 215 198 137 90 146 151 251 40 101 102 64 100 56 189 195 55 223 213 31 71 248 33 87 135 76 54 248 138 66 147 188 51 102 4 233 50 116 172 177 145 77 164 130 23 231 21 38 219 156 38 117 67 34 143 153 78 186 73 109 118 167 165 109 196 156 117 62 57 23 101
97 149 186 118 142 53 105 225 176 102 96 127 136 48 130 61 45 66 143 119 70 150 84 209 49 131 153 116 54 153 187 179 125 107 149 122 243 79 107 164 108 156 59 136 184 60 248 186 34 9 247 31 117 132 68 103 235 160 62 176 179 62 107 13 184 49 123 157 171 118 79 172 142 13 230 25 38 143 151 104 115 90 27 136 172 54 172 52 97 142 172 178 74 175 138 116 61 39 7 119
83 121 213 141 124 92 95 207 187 101 92 130 120 53 134 71 60 43 153 124 81 164 93 220 41 131 149 125 69 175 165 160 123 120 145 131 225 62 125 186 151 168 51 85 135 74 137 102 29 4 246 71 174 127 65 68 220 139 59 175 161 52 112 37 142 57 118 163 150 130 78 159 144 1 220 43 40 75 169 151 99 87 30 143 168 69 179 81 85 157 200 206 96 159 112 113 92 45 24 115
